Cext	= 8.861055602e-24
Qext	= 4.966070131e-28
Cabs	= 8.41059555e-24
Qabs	= 4.71361531e-28
Cenh	= 8.8610556022E-24
Crad	= 4.5046005227E-25

EELS and Cathodoluminescence

Peels	= 1.7724245888E-02
Pcl	= 9.0102862317E-04
