Cext	= 3.969309781e-25
Qext	= 1.986330776e-29
Cabs	= 3.645075776e-25
Qabs	= 1.824076878e-29
Cenh	= 3.9693097809E-25
Crad	= 3.2423400504E-26

EELS and Cathodoluminescence

Peels	= 6.0300575645E-04
Pcl	= 4.9256667347E-05
