Cext	= 3.956010679e-25
Qext	= 1.97967561e-29
Cabs	= 3.671343381e-25
Qabs	= 1.837221772e-29
Cenh	= 3.9560106792E-25
Crad	= 2.8466729779E-26

EELS and Cathodoluminescence

Peels	= 6.9142494635E-04
Pcl	= 4.9753675373E-05
