Cext	= 135.0449046
Qext	= 3.79114961
Cabs	= 0
Qabs	= 0
