Cext	= 4.81640155e-24
Qext	= 2.699293284e-28
Cabs	= 4.476882341e-24
Qabs	= 2.5090139e-28
Cenh	= 4.8164015497E-24
Crad	= 3.3951920914E-25

EELS and Cathodoluminescence

Peels	= 9.6339634006E-03
Pcl	= 6.7912021057E-04
