Cext	= 1.529498851e-24
Qext	= 8.355705385e-29
Cabs	= 1.367994442e-24
Qabs	= 7.473401186e-29
Cenh	= 1.5294988512E-24
Crad	= 1.6150440885E-25

EELS and Cathodoluminescence

Peels	= 3.1467766302E-03
Pcl	= 3.3227766013E-04
