Cext	= 1.130307819e-24
Qext	= 6.410385389e-29
Cabs	= 1.010702651e-24
Qabs	= 5.732061122e-29
Cenh	= 1.1303078187E-24
Crad	= 1.1960516814E-25

EELS and Cathodoluminescence

Peels	= 2.2483968419E-03
Pcl	= 2.3791738665E-04
