Cext	= 9.930907088e-24
Qext	= 5.565655299e-28
Cabs	= 9.475049641e-24
Qabs	= 5.310175573e-28
Cenh	= 9.9309070881E-24
Crad	= 4.5585744719E-25

EELS and Cathodoluminescence

Peels	= 1.9864206594E-02
Pcl	= 9.1182471328E-04
