Cext	= 1.441335225e-24
Qext	= 7.843575729e-29
Cabs	= 9.462353019e-25
Qabs	= 5.149300537e-29
Cenh	= 1.4413352249E-24
Crad	= 4.9509992294E-25

EELS and Cathodoluminescence

Peels	= 3.1934965031E-03
Pcl	= 1.0969688698E-03
