Cext	= 1.011366417e-25
Qext	= 5.668079266e-30
Cabs	= 8.926225311e-26
Qabs	= 5.002593697e-30
Cenh	= 1.0113664166E-25
Crad	= 1.1874388554E-26

EELS and Cathodoluminescence

Peels	= 2.0229764776E-04
Pcl	= 2.3751637721E-05
