Cext	= 3.30715725e-25
Qext	= 1.817981589e-29
Cabs	= 3.064168628e-25
Qabs	= 1.684408006e-29
Cenh	= 3.3071572504E-25
Crad	= 2.4298862286E-26

EELS and Cathodoluminescence

Peels	= 5.7801942661E-04
Pcl	= 4.2469146104E-05
