Cext	= 5.748770193e-25
Qext	= 3.221827875e-29
Cabs	= 5.162595513e-25
Qabs	= 2.893313453e-29
Cenh	= 5.7487701926E-25
Crad	= 5.8617467937E-26

EELS and Cathodoluminescence

Peels	= 1.1498925300E-03
Pcl	= 1.1724905719E-04
