Cext	= 1.108760724e-24
Qext	= 6.137572711e-29
Cabs	= 8.529296454e-25
Qabs	= 4.72141338e-29
Cenh	= 1.1087607236E-24
Crad	= 2.5583107828E-25

EELS and Cathodoluminescence

Peels	= 2.4566273221E-03
Pcl	= 5.6683250347E-04
