Cext	= 3.43080613e-25
Qext	= 1.899131312e-29
Cabs	= 3.120774793e-25
Qabs	= 1.72751269e-29
Cenh	= 3.4308061295E-25
Crad	= 3.1003133621E-26

EELS and Cathodoluminescence

Peels	= 5.5021780717E-04
Pcl	= 4.9721481052E-05
