Cext	= 3.263349786e-25
Qext	= 1.782779331e-29
Cabs	= 3.025402037e-25
Qabs	= 1.652787648e-29
Cenh	= 3.2633497863E-25
Crad	= 2.3794774974E-26

EELS and Cathodoluminescence

Peels	= 5.7036283112E-04
Pcl	= 4.1588110710E-05
