Cext	= 1.548643082e-24
Qext	= 8.427532388e-29
Cabs	= 1.409119103e-24
Qabs	= 7.668259406e-29
Cenh	= 1.5486430819E-24
Crad	= 1.3952397889E-25

EELS and Cathodoluminescence

Peels	= 3.0805451021E-03
Pcl	= 2.7753968284E-04
