Cext	= 2.708656149e-25
Qext	= 1.580643353e-29
Cabs	= 2.361667874e-25
Qabs	= 1.378157441e-29
Cenh	= 2.7086561488E-25
Crad	= 3.4698827472E-26

EELS and Cathodoluminescence

Peels	= 4.4735489419E-04
Pcl	= 5.7307718071E-05
