Cext	= 3.073439339e-25
Qext	= 1.743058865e-29
Cabs	= 2.77341515e-25
Qabs	= 1.572904271e-29
Cenh	= 3.0734393387E-25
Crad	= 3.0002418864E-26

EELS and Cathodoluminescence

Peels	= 4.9290487121E-04
Pcl	= 4.8116578127E-05
