Cext	= 1.042601045e-23
Qext	= 5.843129915e-28
Cabs	= 9.911177337e-24
Qabs	= 5.554598002e-28
Cenh	= 1.0426010446E-23
Crad	= 5.1483310912E-25

EELS and Cathodoluminescence

Peels	= 2.0854532583E-02
Pcl	= 1.0297902447E-03
