Cext	= 7.589786242e-25
Qext	= 4.17219098e-29
Cabs	= 6.797193412e-25
Qabs	= 3.736493774e-29
Cenh	= 7.5897862421E-25
Crad	= 7.9259283007E-26

EELS and Cathodoluminescence

Peels	= 1.4613113176E-03
Pcl	= 1.5260309525E-04
