Cext	= 3.636819261e-25
Qext	= 1.785384376e-29
Cabs	= 3.284593582e-25
Qabs	= 1.61247003e-29
Cenh	= 3.6368192611E-25
Crad	= 3.5222567929E-26

EELS and Cathodoluminescence

Peels	= 5.8325729970E-04
Pcl	= 5.6488426792E-05
