Cext	= 4.061956678e-25
Qext	= 2.032693341e-29
Cabs	= 3.718280482e-25
Qabs	= 1.860710139e-29
Cenh	= 4.0619566775E-25
Crad	= 3.4367619512E-26

EELS and Cathodoluminescence

Peels	= 6.3448179741E-04
Pcl	= 5.3682574019E-05
