Cext	= 6.228373522e-24
Qext	= 3.49061569e-28
Cabs	= 5.770053372e-24
Qabs	= 3.233755773e-28
Cenh	= 6.2283735219E-24
Crad	= 4.5832014978E-25

EELS and Cathodoluminescence

Peels	= 1.2458247498E-02
Pcl	= 9.1675071174E-04
