Cext	= 1.357728637e-24
Qext	= 7.463587237e-29
Cabs	= 1.225133716e-24
Qabs	= 6.734698023e-29
Cenh	= 1.3577286372E-24
Crad	= 1.3259492100E-25

EELS and Cathodoluminescence

Peels	= 2.7007800262E-03
Pcl	= 2.6375647122E-04
