Cext	= 1.208921093e-24
Qext	= 6.645575409e-29
Cabs	= 8.114195313e-25
Qabs	= 4.460464552e-29
Cenh	= 1.2089210934E-24
Crad	= 3.9750156210E-25

EELS and Cathodoluminescence

Peels	= 2.9017601080E-03
Pcl	= 9.5411866175E-04
