Cext	= 3.550382751e-25
Qext	= 1.742951034e-29
Cabs	= 3.269270656e-25
Qabs	= 1.604947712e-29
Cenh	= 3.5503827509E-25
Crad	= 2.8111209436E-26

EELS and Cathodoluminescence

Peels	= 6.2052997378E-04
Pcl	= 4.9132302848E-05
