Cext	= 1.587767159e-23
Qext	= 8.89844666e-28
Cabs	= 1.513711651e-23
Qabs	= 8.483411635e-28
Cenh	= 1.5877671587E-23
Crad	= 7.4055507299E-25

EELS and Cathodoluminescence

Peels	= 3.1759168204E-02
Pcl	= 1.4812885503E-03
