Cext	= 3.295764752e-25
Qext	= 1.847071007e-29
Cabs	= 2.994699476e-25
Qabs	= 1.678342659e-29
Cenh	= 3.2957647517E-25
Crad	= 3.0106527533E-26

EELS and Cathodoluminescence

Peels	= 5.2856045668E-04
Pcl	= 4.8283543096E-05
