Cext	= 6.005869156e-25
Qext	= 2.948396438e-29
Cabs	= 4.795346306e-25
Qabs	= 2.354127538e-29
Cenh	= 6.0058691562E-25
Crad	= 1.2105228503E-25

EELS and Cathodoluminescence

Peels	= 1.2833076139E-03
Pcl	= 2.5865917992E-04
