Cext	= 2.518119593e-25
Qext	= 1.46945525e-29
Cabs	= 2.268991252e-25
Qabs	= 1.324075757e-29
Cenh	= 2.5181195935E-25
Crad	= 2.4912834105E-26

EELS and Cathodoluminescence

Peels	= 4.4011274134E-04
Pcl	= 4.3542235806E-05
