Cext	= 7.597530517e-24
Qext	= 4.257942966e-28
Cabs	= 7.130037294e-24
Qabs	= 3.995942112e-28
Cenh	= 7.5975305172E-24
Crad	= 4.6749322346E-25

EELS and Cathodoluminescence

Peels	= 1.5196891327E-02
Pcl	= 9.3509906896E-04
