Cext	= 2.516554203e-25
Qext	= 1.410371995e-29
Cabs	= 2.23742241e-25
Qabs	= 1.253935998e-29
Cenh	= 2.5165542034E-25
Crad	= 2.7913179359E-26

EELS and Cathodoluminescence

Peels	= 5.0337146604E-04
Pcl	= 5.5833083177E-05
