Cext	= 6.434981554e-24
Qext	= 3.606406632e-28
Cabs	= 6.024049484e-24
Qabs	= 3.376104784e-28
Cenh	= 6.4349815541E-24
Crad	= 4.1093207037E-25

EELS and Cathodoluminescence

Peels	= 1.2871513335E-02
Pcl	= 8.2196313683E-04
