Cext	= 3.181703927e-25
Qext	= 1.749018484e-29
Cabs	= 2.929477646e-25
Qabs	= 1.610366856e-29
Cenh	= 3.1817039274E-25
Crad	= 2.5222628113E-26

EELS and Cathodoluminescence

Peels	= 4.6006079618E-04
Pcl	= 3.6470842782E-05
