Cext	= 1.029658486e-23
Qext	= 5.770594929e-28
Cabs	= 9.819143845e-24
Qabs	= 5.503018957e-28
Cenh	= 1.0296584859E-23
Crad	= 4.7744101403E-25

EELS and Cathodoluminescence

Peels	= 2.0595650229E-02
Pcl	= 9.5499704657E-04
