Cext	= 6.679572121e-24
Qext	= 3.743484421e-28
Cabs	= 6.183329606e-24
Qabs	= 3.465371378e-28
Cenh	= 6.6795721212E-24
Crad	= 4.9624251555E-25

EELS and Cathodoluminescence

Peels	= 1.3360753393E-02
Pcl	= 9.9260457901E-04
