Cext	= 6.262096128e-25
Qext	= 3.654262511e-29
Cabs	= 5.48456964e-25
Qabs	= 3.200534904e-29
Cenh	= 6.2620961275E-25
Crad	= 7.7752648706E-26

EELS and Cathodoluminescence

Peels	= 1.2056824331E-03
Pcl	= 1.4970227343E-04
