Cext	= 8.392946715e-25
Qext	= 4.703724236e-29
Cabs	= 7.577441167e-25
Qabs	= 4.246684135e-29
Cenh	= 8.3929467147E-25
Crad	= 8.1550554804E-26

EELS and Cathodoluminescence

Peels	= 1.6787915343E-03
Pcl	= 1.6312075564E-04
