Cext	= 4.936538351e-24
Qext	= 2.766622484e-28
Cabs	= 4.568446093e-24
Qabs	= 2.560329684e-28
Cenh	= 4.9365383510E-24
Crad	= 3.6809225814E-25

EELS and Cathodoluminescence

Peels	= 9.8742659449E-03
Pcl	= 7.3627319199E-04
