Cext	= 3.481606966e-25
Qext	= 1.913878562e-29
Cabs	= 3.169020667e-25
Qabs	= 1.742046353e-29
Cenh	= 3.4816069664E-25
Crad	= 3.1258629936E-26

EELS and Cathodoluminescence

Peels	= 5.5836502506E-04
Pcl	= 5.0131234962E-05
