Cext	= 1.042584088e-24
Qext	= 5.843034882e-29
Cabs	= 9.427751676e-25
Qabs	= 5.283668008e-29
Cenh	= 1.0425840877E-24
Crad	= 9.9808920103E-26

EELS and Cathodoluminescence

Peels	= 2.0854193404E-03
Pcl	= 1.9964188480E-04
