Cext	= 2.348778412e-24
Qext	= 1.316344106e-28
Cabs	= 2.152560394e-24
Qabs	= 1.20637612e-28
Cenh	= 2.3487784120E-24
Crad	= 1.9621801755E-25

EELS and Cathodoluminescence

Peels	= 4.6981226594E-03
Pcl	= 3.9248330523E-04
