Cext	= 1.930390016e-25
Qext	= 1.081863452e-29
Cabs	= 1.866196099e-25
Qabs	= 1.045886757e-29
Cenh	= 1.9303900157E-25
Crad	= 6.4193916730E-27

EELS and Cathodoluminescence

Peels	= 3.5918558832E-04
Pcl	= 1.1944492853E-05
