Cext	= 1.519920265e-25
Qext	= 8.518207053e-30
Cabs	= 1.346339114e-25
Qabs	= 7.545392741e-30
Cenh	= 1.5199202655E-25
Crad	= 1.7358115122E-26

EELS and Cathodoluminescence

Peels	= 3.0402066892E-04
Pcl	= 3.4720411922E-05
