Cext	= 7.597532204e-24
Qext	= 4.257943911e-28
Cabs	= 7.13003816e-24
Qabs	= 3.995942597e-28
Cenh	= 7.5975322040E-24
Crad	= 4.6749404443E-25

EELS and Cathodoluminescence

Peels	= 1.5196894701E-02
Pcl	= 9.3510071108E-04
