Cext	= 3.121917971e-25
Qext	= 1.705514639e-29
Cabs	= 2.875870596e-25
Qabs	= 1.571098102e-29
Cenh	= 3.1219179715E-25
Crad	= 2.4604737528E-26

EELS and Cathodoluminescence

Peels	= 4.5141600235E-04
Pcl	= 3.5577399390E-05
