Cext	= 2.662356092e-25
Qext	= 1.454454387e-29
Cabs	= 2.539668092e-25
Qabs	= 1.387429506e-29
Cenh	= 2.6623560923E-25
Crad	= 1.2268800047E-26

EELS and Cathodoluminescence

Peels	= 4.8048302822E-04
Pcl	= 2.2141854789E-05
