Cext	= 6.549805186e-25
Qext	= 3.670758131e-29
Cabs	= 5.883183251e-25
Qabs	= 3.297158029e-29
Cenh	= 6.5498051860E-25
Crad	= 6.6662193458E-26

EELS and Cathodoluminescence

Peels	= 1.3101188261E-03
Pcl	= 1.3334044625E-04
