Cext	= 1.053977985e-23
Qext	= 5.906890586e-28
Cabs	= 1.005168119e-23
Qabs	= 5.633341666e-28
Cenh	= 1.0539779854E-23
Crad	= 4.8809866290E-25

EELS and Cathodoluminescence

Peels	= 2.1082098806E-02
Pcl	= 9.7631491180E-04
