Cext	= 2.742480678e-24
Qext	= 1.536989721e-28
Cabs	= 2.503970816e-24
Qabs	= 1.403319789e-28
Cenh	= 2.7424806781E-24
Crad	= 2.3850986243E-25

EELS and Cathodoluminescence

Peels	= 5.4856220369E-03
Pcl	= 4.7707718337E-04
