Cext	= 8.994469652e-25
Qext	= 4.501032388e-29
Cabs	= 7.330112832e-25
Qabs	= 3.668151269e-29
Cenh	= 8.9944696520E-25
Crad	= 1.6643568196E-25

EELS and Cathodoluminescence

Peels	= 1.8505137731E-03
Pcl	= 3.4242321529E-04
