Cext	= 1.566522881e-24
Qext	= 8.779385707e-29
Cabs	= 1.426263637e-24
Qabs	= 7.993319946e-29
Cenh	= 1.5665228812E-24
Crad	= 1.4025924385E-25

EELS and Cathodoluminescence

Peels	= 3.1334231475E-03
Pcl	= 2.8055227702E-04
