Cext	= 2.658554333e-25
Qext	= 1.507762538e-29
Cabs	= 2.431653879e-25
Qabs	= 1.379079065e-29
Cenh	= 2.6585543327E-25
Crad	= 2.2690045417E-26

EELS and Cathodoluminescence

Peels	= 3.7463594637E-04
Pcl	= 3.1974169320E-05
