Cext	= 1.020290846e-23
Qext	= 5.718095135e-28
Cabs	= 9.717706661e-24
Qabs	= 5.44616973e-28
Cenh	= 1.0202908455E-23
Crad	= 4.8520179442E-25

EELS and Cathodoluminescence

Peels	= 2.0408274855E-02
Pcl	= 9.7052047697E-04
