Cext	= 1.279049081e-24
Qext	= 7.031076858e-29
Cabs	= 1.032661335e-24
Qabs	= 5.676655667e-29
Cenh	= 1.2790490815E-24
Crad	= 2.4638774623E-25

EELS and Cathodoluminescence

Peels	= 2.7330156255E-03
Pcl	= 5.2647046162E-04
