Cext	= 1.630902094e-25
Qext	= 9.140191124e-30
Cabs	= 1.444043687e-25
Qabs	= 8.092966058e-30
Cenh	= 1.6309020941E-25
Crad	= 1.8685840707E-26

EELS and Cathodoluminescence

Peels	= 3.2621970827E-04
Pcl	= 3.7376182950E-05
