Cext	= 3.570289645e-25
Qext	= 1.786652237e-29
Cabs	= 3.305533393e-25
Qabs	= 1.654162328e-29
Cenh	= 3.5702896446E-25
Crad	= 2.6475625184E-26

EELS and Cathodoluminescence

Peels	= 5.0311510410E-04
Pcl	= 3.7308701103E-05
