Cext	= 1.235633187e-23
Qext	= 6.924954926e-28
Cabs	= 1.175674588e-23
Qabs	= 6.588924297e-28
Cenh	= 1.2356331871E-23
Crad	= 5.9958599163E-25

EELS and Cathodoluminescence

Peels	= 2.4715640460E-02
Pcl	= 1.1993164272E-03
