Cext	= 3.482986402e-25
Qext	= 1.709864873e-29
Cabs	= 3.166251699e-25
Qabs	= 1.554373728e-29
Cenh	= 3.4829864021E-25
Crad	= 3.1673470308E-26

EELS and Cathodoluminescence

Peels	= 5.2912495271E-04
Pcl	= 4.8117395660E-05
