Cext	= 1.533500388e-23
Qext	= 8.594315186e-28
Cabs	= 1.444917087e-23
Qabs	= 8.097860921e-28
Cenh	= 1.5335003878E-23
Crad	= 8.8583300790E-25

EELS and Cathodoluminescence

Peels	= 3.0673702054E-02
Pcl	= 1.7718794185E-03
