Cext	= 1.042627434e-23
Qext	= 5.84327781e-28
Cabs	= 9.915308393e-24
Qabs	= 5.556913201e-28
Cenh	= 1.0426274339E-23
Crad	= 5.1096594621E-25

EELS and Cathodoluminescence

Peels	= 2.0855060432E-02
Pcl	= 1.0220549873E-03
