Cext	= 135.0449046
Qext	= 3.79114961
Cabs	= -1.937494758e-016
Qabs	= -5.439177817e-018
