Cext	= 9.851078332e-25
Qext	= 4.929698398e-29
Cabs	= 8.726376359e-25
Qabs	= 4.36687255e-29
Cenh	= 9.8510783321E-25
Crad	= 1.1247019731E-25

EELS and Cathodoluminescence

Peels	= 1.8966927129E-03
Pcl	= 2.1654624648E-04
