Cext	= 1.059360657e-23
Qext	= 5.937057113e-28
Cabs	= 1.006866026e-23
Qabs	= 5.642857379e-28
Cenh	= 1.0593606574E-23
Crad	= 5.2494631192E-25

EELS and Cathodoluminescence

Peels	= 2.1189765214E-02
Pcl	= 1.0500190867E-03
