Cext	= 1.020527491e-24
Qext	= 5.719421388e-29
Cabs	= 9.226509015e-25
Qabs	= 5.170884023e-29
Cenh	= 1.0205274914E-24
Crad	= 9.7876589833E-26

EELS and Cathodoluminescence

Peels	= 2.0413008341E-03
Pcl	= 1.9577675875E-04
