Cext	= 4.112120736e-25
Qext	= 2.05779655e-29
Cabs	= 3.755184737e-25
Qabs	= 1.879177848e-29
Cenh	= 4.1121207362E-25
Crad	= 3.5693599878E-26

EELS and Cathodoluminescence

Peels	= 6.5948408884E-04
Pcl	= 5.7243847402E-05
