Cext	= 3.159560106e-25
Qext	= 1.748982397e-29
Cabs	= 2.9077298e-25
Qabs	= 1.609581102e-29
Cenh	= 3.1595601063E-25
Crad	= 2.5183030636E-26

EELS and Cathodoluminescence

Peels	= 4.5685889424E-04
Pcl	= 3.6413586521E-05
