Cext	= 3.015303638e-24
Qext	= 1.689890009e-28
Cabs	= 2.77622741e-24
Qabs	= 1.555902664e-28
Cenh	= 3.0153036384E-24
Crad	= 2.3907622817E-25

EELS and Cathodoluminescence

Peels	= 6.0313336822E-03
Pcl	= 4.7821005129E-04
