Cext	= 3.207287066e-25
Qext	= 1.797484771e-29
Cabs	= 2.928264031e-25
Qabs	= 1.641109727e-29
Cenh	= 3.2072870661E-25
Crad	= 2.7902303528E-26

EELS and Cathodoluminescence

Peels	= 4.8724152817E-04
Pcl	= 4.2388351060E-05
