Cext	= 1.670304906e-24
Qext	= 9.361019357e-29
Cabs	= 1.521037712e-24
Qabs	= 8.524469643e-29
Cenh	= 1.6703049056E-24
Crad	= 1.4926719391E-25

EELS and Cathodoluminescence

Peels	= 3.3410121980E-03
Pcl	= 2.9857034722E-04
