Cext	= 4.631998871e-25
Qext	= 2.59594706e-29
Cabs	= 4.155039033e-25
Qabs	= 2.328640758e-29
Cenh	= 4.6319988708E-25
Crad	= 4.7695983801E-26

EELS and Cathodoluminescence

Peels	= 9.2651136190E-04
Pcl	= 9.5403457861E-05
