Cext	= 3.306605584e-25
Qext	= 1.806410123e-29
Cabs	= 3.026063021e-25
Qabs	= 1.653148746e-29
Cenh	= 3.3066055839E-25
Crad	= 2.8054256248E-26

EELS and Cathodoluminescence

Peels	= 5.0232970250E-04
Pcl	= 4.2619193120E-05
