Cext	= 3.36570672e-25
Qext	= 1.652290026e-29
Cabs	= 3.07030346e-25
Qabs	= 1.507270896e-29
Cenh	= 3.3657067197E-25
Crad	= 2.9540326014E-26

EELS and Cathodoluminescence

Peels	= 4.9868327845E-04
Pcl	= 4.3768717391E-05
