Cext	= 3.345121792e-25
Qext	= 1.874732556e-29
Cabs	= 3.045617996e-25
Qabs	= 1.70687932e-29
Cenh	= 3.3451217916E-25
Crad	= 2.9950379606E-26

EELS and Cathodoluminescence

Peels	= 5.5247197244E-04
Pcl	= 4.9465300001E-05
