Cext	= 3.125149969e-25
Qext	= 1.70066963e-29
Cabs	= 2.874183579e-25
Qabs	= 1.564096691e-29
Cenh	= 3.1251499686E-25
Crad	= 2.5096638966E-26

EELS and Cathodoluminescence

Peels	= 4.4038728178E-04
Pcl	= 3.5365472784E-05
