Cext	= 1.020733422e-23
Qext	= 5.720575501e-28
Cabs	= 9.663310801e-24
Qabs	= 5.415684236e-28
Cenh	= 1.0207334219E-23
Crad	= 5.4402341882E-25

EELS and Cathodoluminescence

Peels	= 2.0417127449E-02
Pcl	= 1.0881778963E-03
