Cext	= 1.422565689e-24
Qext	= 6.983647998e-29
Cabs	= 1.231349767e-24
Qabs	= 6.044932338e-29
Cenh	= 1.4225656889E-24
Crad	= 1.9121592173E-25

EELS and Cathodoluminescence

Peels	= 2.8297532315E-03
Pcl	= 3.8036477095E-04
