Cext	= 3.602800463e-25
Qext	= 1.960601377e-29
Cabs	= 3.290324597e-25
Qabs	= 1.790555709e-29
Cenh	= 3.6028004628E-25
Crad	= 3.1247586564E-26

EELS and Cathodoluminescence

Peels	= 6.1186999777E-04
Pcl	= 5.3068330925E-05
