Cext	= 2.249146792e-25
Qext	= 1.260506784e-29
Cabs	= 2.000403262e-25
Qabs	= 1.121101518e-29
Cenh	= 2.2491467916E-25
Crad	= 2.4874352994E-26

EELS and Cathodoluminescence

Peels	= 4.4988354167E-04
Pcl	= 4.9754698374E-05
