Cext	= 1.051323851e-23
Qext	= 5.892015815e-28
Cabs	= 1.002458218e-23
Qabs	= 5.618154356e-28
Cenh	= 1.0513238509E-23
Crad	= 4.8865633182E-25

EELS and Cathodoluminescence

Peels	= 2.1029009723E-02
Pcl	= 9.7743038400E-04
