Cext	= 3.248938855e-25
Qext	= 1.768034078e-29
Cabs	= 2.978526623e-25
Qabs	= 1.620878941e-29
Cenh	= 3.2489388551E-25
Crad	= 2.7041223210E-26

EELS and Cathodoluminescence

Peels	= 4.6978267951E-04
Pcl	= 3.9100453604E-05
