Cext	= 1.322075885e-24
Qext	= 7.194580515e-29
Cabs	= 9.853401414e-25
Qabs	= 5.362104446e-29
Cenh	= 1.3220758852E-24
Crad	= 3.3673574373E-25

EELS and Cathodoluminescence

Peels	= 2.8249534006E-03
Pcl	= 7.1952207511E-04
