Cext	= 4.15598649e-25
Qext	= 2.329171749e-29
Cabs	= 3.711930888e-25
Qabs	= 2.080306223e-29
Cenh	= 4.1559864898E-25
Crad	= 4.4405560152E-26

EELS and Cathodoluminescence

Peels	= 8.3129741826E-04
Pcl	= 8.8821817881E-05
