Cext	= 7.778233695e-25
Qext	= 4.232822731e-29
Cabs	= 7.044120544e-25
Qabs	= 3.833327041e-29
Cenh	= 7.7782336954E-25
Crad	= 7.3411315157E-26

EELS and Cathodoluminescence

Peels	= 1.4975943416E-03
Pcl	= 1.4134361925E-04
