Cext	= 3.276598443e-25
Qext	= 1.801183068e-29
Cabs	= 3.00765921e-25
Qabs	= 1.653344143e-29
Cenh	= 3.2765984426E-25
Crad	= 2.6893923247E-26

EELS and Cathodoluminescence

Peels	= 4.8548046208E-04
Pcl	= 3.9847648450E-05
