Cext	= 8.970087932e-24
Qext	= 5.027175966e-28
Cabs	= 8.516670012e-24
Qabs	= 4.773063444e-28
Cenh	= 8.9700879325E-24
Crad	= 4.5341791998E-25

EELS and Cathodoluminescence

Peels	= 1.7942336815E-02
Pcl	= 9.0694507117E-04
