Cext	= 1.779661173e-24
Qext	= 8.905819786e-29
Cabs	= 1.545577506e-24
Qabs	= 7.734413123e-29
Cenh	= 1.7796611728E-24
Crad	= 2.3408366734E-25

EELS and Cathodoluminescence

Peels	= 3.5400839441E-03
Pcl	= 4.6563685548E-04
