Cext	= 3.120599316e-25
Qext	= 1.748901683e-29
Cabs	= 2.859038008e-25
Qabs	= 1.60231285e-29
Cenh	= 3.1205993162E-25
Crad	= 2.6156130788E-26

EELS and Cathodoluminescence

Peels	= 4.6236669660E-04
Pcl	= 3.8754490927E-05
