Cext	= 1.356723502e-24
Qext	= 7.411827648e-29
Cabs	= 8.682430836e-25
Qabs	= 4.743242143e-29
Cenh	= 1.3567235023E-24
Crad	= 4.8848041872E-25

EELS and Cathodoluminescence

Peels	= 3.0060264159E-03
Pcl	= 1.0823023555E-03
