Cext	= 135.0449041
Qext	= 3.791149596
Cabs	= -2.047466077e-16
Qabs	= -5.747903071e-18
