Cext	= 4.936537892e-24
Qext	= 2.766622226e-28
Cabs	= 4.568445322e-24
Qabs	= 2.560329252e-28
Cenh	= 4.9365378923E-24
Crad	= 3.6809257016E-25

EELS and Cathodoluminescence

Peels	= 9.8742650273E-03
Pcl	= 7.3627381611E-04
