Cext	= 1.566523e-24
Qext	= 8.779386375e-29
Cabs	= 1.426264285e-24
Qabs	= 7.993323576e-29
Cenh	= 1.5665230004E-24
Crad	= 1.4025871530E-25

EELS and Cathodoluminescence

Peels	= 3.1334233859E-03
Pcl	= 2.8055121981E-04
