Cext	= 1.147869945e-23
Qext	= 6.433096577e-28
Cabs	= 1.080770786e-23
Qabs	= 6.057047556e-28
Cenh	= 1.1478699445E-23
Crad	= 6.7099158754E-25

EELS and Cathodoluminescence

Peels	= 2.2960164180E-02
Pcl	= 1.3421448211E-03
