Cext	= 3.461645826e-25
Qext	= 1.891109146e-29
Cabs	= 3.155526648e-25
Qabs	= 1.723875175e-29
Cenh	= 3.4616458264E-25
Crad	= 3.0611917860E-26

EELS and Cathodoluminescence

Peels	= 5.7171679140E-04
Pcl	= 5.0557880082E-05
