Cext	= 1.051323464e-23
Qext	= 5.892013646e-28
Cabs	= 1.002458093e-23
Qabs	= 5.618153656e-28
Cenh	= 1.0513234639E-23
Crad	= 4.8865371100E-25

EELS and Cathodoluminescence

Peels	= 2.1029001982E-02
Pcl	= 9.7742514171E-04
