Cext	= 5.748774054e-25
Qext	= 3.221830039e-29
Cabs	= 5.162603655e-25
Qabs	= 2.893318016e-29
Cenh	= 5.7487740536E-25
Crad	= 5.8617039869E-26

EELS and Cathodoluminescence

Peels	= 1.1498933023E-03
Pcl	= 1.1724820095E-04
