Cext	= 1.844369549e-24
Qext	= 1.033654334e-28
Cabs	= 1.681807772e-24
Qabs	= 9.425485763e-29
Cenh	= 1.8443695491E-24
Crad	= 1.6256177738E-25

EELS and Cathodoluminescence

Peels	= 3.6891834184E-03
Pcl	= 3.2516271690E-04
