Cext	= 4.198845892e-25
Qext	= 2.101195744e-29
Cabs	= 3.852504779e-25
Qabs	= 1.927878959e-29
Cenh	= 4.1988458917E-25
Crad	= 3.4634111303E-26

EELS and Cathodoluminescence

Peels	= 7.1309745098E-04
Pcl	= 5.8819726001E-05
