Cext	= 6.642364963e-26
Qext	= 3.722632125e-30
Cabs	= 5.844240422e-26
Qabs	= 3.275332997e-30
Cenh	= 6.6423649630E-26
Crad	= 7.9812454137E-27

EELS and Cathodoluminescence

Peels	= 1.3286330113E-04
Pcl	= 1.5964413559E-05
