Cext	= 3.729037213e-25
Qext	= 1.866093046e-29
Cabs	= 3.443937746e-25
Qabs	= 1.723422941e-29
Cenh	= 3.7290372127E-25
Crad	= 2.8509946716E-26

EELS and Cathodoluminescence

Peels	= 5.3920285112E-04
Pcl	= 4.1224165052E-05
