Cext	= 1.704781415e-23
Qext	= 9.554238735e-28
Cabs	= 1.623046376e-23
Qabs	= 9.096164716e-28
Cenh	= 1.7047814153E-23
Crad	= 8.1735038875E-25

EELS and Cathodoluminescence

Peels	= 3.4099735230E-02
Pcl	= 1.6348976823E-03
