Cext	= 9.063414787e-25
Qext	= 5.079479859e-29
Cabs	= 6.350353651e-25
Qabs	= 3.55897796e-29
Cenh	= 9.0634147870E-25
Crad	= 2.7130611364E-25

EELS and Cathodoluminescence

Peels	= 2.0918091931E-03
Pcl	= 6.2616644610E-04
