Cext	= 9.294906817e-24
Qext	= 5.209216733e-28
Cabs	= 8.789768526e-24
Qabs	= 4.926118162e-28
Cenh	= 9.2949068166E-24
Crad	= 5.0513829080E-25

EELS and Cathodoluminescence

Peels	= 1.8592052834E-02
Pcl	= 1.0103982726E-03
