Cext	= 3.531120479e-25
Qext	= 1.941096697e-29
Cabs	= 3.218221777e-25
Qabs	= 1.769092757e-29
Cenh	= 3.5311204785E-25
Crad	= 3.1289870203E-26

EELS and Cathodoluminescence

Peels	= 5.8319105169E-04
Pcl	= 5.1677569264E-05
