Cext	= 3.036908821e-25
Qext	= 1.681088472e-29
Cabs	= 2.80403425e-25
Qabs	= 1.552180171e-29
Cenh	= 3.0369088211E-25
Crad	= 2.3287457063E-26

EELS and Cathodoluminescence

Peels	= 4.2795258922E-04
Pcl	= 3.2816024891E-05
