Cext	= 1.084023598e-23
Qext	= 6.075277546e-28
Cabs	= 1.015298734e-23
Qabs	= 5.690117455e-28
Cenh	= 1.0840235983E-23
Crad	= 6.8724864748E-25

EELS and Cathodoluminescence

Peels	= 2.1683083447E-02
Pcl	= 1.3746628574E-03
