Cext	= 2.593835873e-25
Qext	= 1.298013082e-29
Cabs	= 2.508876609e-25
Qabs	= 1.255497579e-29
Cenh	= 2.5938358729E-25
Crad	= 8.4959264186E-27

EELS and Cathodoluminescence

Peels	= 4.8263224344E-04
Pcl	= 1.5808278659E-05
