Cext	= 4.182656328e-25
Qext	= 2.093094127e-29
Cabs	= 3.822030304e-25
Qabs	= 1.912628855e-29
Cenh	= 4.1826563284E-25
Crad	= 3.6062602448E-26

EELS and Cathodoluminescence

Peels	= 6.9079708774E-04
Pcl	= 5.9560094809E-05
