Cext	= 1.209005946e-23
Qext	= 6.775725814e-28
Cabs	= 1.15254665e-23
Qabs	= 6.459306602e-28
Cenh	= 1.2090059462E-23
Crad	= 5.6459295849E-25

EELS and Cathodoluminescence

Peels	= 2.4183031495E-02
Pcl	= 1.1293219309E-03
