Cext	= 1.858200009e-23
Qext	= 1.041405446e-27
Cabs	= 1.763519268e-23
Qabs	= 9.88342784e-28
Cenh	= 1.8582000090E-23
Crad	= 9.4680741059E-25

EELS and Cathodoluminescence

Peels	= 3.7168476700E-02
Pcl	= 1.8938429130E-03
