Cext	= 2.026078717e-23
Qext	= 1.135491013e-27
Cabs	= 1.919849527e-23
Qabs	= 1.075956164e-27
Cenh	= 2.0260787168E-23
Crad	= 1.0622918943E-24

EELS and Cathodoluminescence

Peels	= 4.0526455285E-02
Pcl	= 2.1248397013E-03
