Cext	= 2.306414662e-25
Qext	= 1.345914285e-29
Cabs	= 1.995561817e-25
Qabs	= 1.164515298e-29
Cenh	= 2.3064146616E-25
Crad	= 3.1085284426E-26

EELS and Cathodoluminescence

Peels	= 3.3349770744E-04
Pcl	= 4.4947993367E-05
