Cext	= 2.221901326e-25
Qext	= 1.296596308e-29
Cabs	= -1.343866422e-25
Qabs	= -7.842167523e-30
Cenh	= 2.2219013255E-25
Crad	= 3.5657677479E-25

EELS and Cathodoluminescence

Peels	= 5.3332055051E-04
Pcl	= 8.5588734137E-04
