Cext	= 1.630902152e-25
Qext	= 9.140191448e-30
Cabs	= 1.444042269e-25
Qabs	= 8.092958108e-30
Cenh	= 1.6309021520E-25
Crad	= 1.8685988337E-26

EELS and Cathodoluminescence

Peels	= 3.2621971984E-04
Pcl	= 3.7376478244E-05
