Cext	= 2.997013346e-25
Qext	= 1.637278808e-29
Cabs	= 2.769456559e-25
Qabs	= 1.512963744e-29
Cenh	= 2.9970133463E-25
Crad	= 2.2755678759E-26

EELS and Cathodoluminescence

Peels	= 4.2233063190E-04
Pcl	= 3.2066657967E-05
