Cext	= 8.392946854e-25
Qext	= 4.703724314e-29
Cabs	= 7.577440313e-25
Qabs	= 4.246683657e-29
Cenh	= 8.3929468539E-25
Crad	= 8.1550654119E-26

EELS and Cathodoluminescence

Peels	= 1.6787915621E-03
Pcl	= 1.6312095430E-04
