Cext	= 3.015303866e-24
Qext	= 1.689890137e-28
Cabs	= 2.776227795e-24
Qabs	= 1.55590288e-28
Cenh	= 3.0153038660E-24
Crad	= 2.3907607092E-25

EELS and Cathodoluminescence

Peels	= 6.0313341375E-03
Pcl	= 4.7820973676E-04
