Cext	= 1.185904093e-23
Qext	= 6.646254307e-28
Cabs	= 1.126994136e-23
Qabs	= 6.316100666e-28
Cenh	= 1.1859040932E-23
Crad	= 5.8909956759E-25

EELS and Cathodoluminescence

Peels	= 2.3720938781E-02
Pcl	= 1.1783410529E-03
