Cext	= 2.040757283e-25
Qext	= 1.129666297e-29
Cabs	= 1.973563011e-25
Qabs	= 1.09247074e-29
Cenh	= 2.0407572831E-25
Crad	= 6.7194271942E-27

EELS and Cathodoluminescence

Peels	= 3.7972150674E-04
Pcl	= 1.2502765712E-05
