Cext	= 2.789994098e-25
Qext	= 1.518281772e-29
Cabs	= 2.660762435e-25
Qabs	= 1.44795543e-29
Cenh	= 2.7899940983E-25
Crad	= 1.2923166379E-26

EELS and Cathodoluminescence

Peels	= 5.0351822469E-04
Pcl	= 2.3322808448E-05
