Cext	= 135.0449047
Qext	= 3.791149611
Cabs	= -2.047466081e-016
Qabs	= -5.747903082e-018
