Cext	= 9.601443877e-24
Qext	= 5.381011675e-28
Cabs	= 9.031906831e-24
Qabs	= 5.061821611e-28
Cenh	= 9.6014438765E-24
Crad	= 5.6953704536E-25

EELS and Cathodoluminescence

Peels	= 1.9205200801E-02
Pcl	= 1.1392112957E-03
