Cext	= 1.020290825e-23
Qext	= 5.718095019e-28
Cabs	= 9.717706894e-24
Qabs	= 5.44616986e-28
Cenh	= 1.0202908249E-23
Crad	= 4.8520135446E-25

EELS and Cathodoluminescence

Peels	= 2.0408274441E-02
Pcl	= 9.7051959694E-04
