Cext	= 1.363597333e-24
Qext	= 7.449379622e-29
Cabs	= 1.224942159e-24
Qabs	= 6.691901592e-29
Cenh	= 1.3635973325E-24
Crad	= 1.3865517316E-25

EELS and Cathodoluminescence

Peels	= 2.7275231642E-03
Pcl	= 2.7734374921E-04
