Cext	= 2.180544673e-24
Qext	= 1.198669966e-28
Cabs	= 1.678071921e-24
Qabs	= 9.224550346e-29
Cenh	= 2.1805446734E-24
Crad	= 5.0247275285E-25

EELS and Cathodoluminescence

Peels	= 5.0326322926E-03
Pcl	= 1.1596921783E-03
