Cext	= 2.591037234e-24
Qext	= 1.452115097e-28
Cabs	= 2.366250641e-24
Qabs	= 1.326136203e-28
Cenh	= 2.5910372345E-24
Crad	= 2.2478659306E-25

EELS and Cathodoluminescence

Peels	= 5.1826986659E-03
Pcl	= 4.4962733862E-04
