Cext	= 3.74497468e-25
Qext	= 1.838479947e-29
Cabs	= 3.403456689e-25
Qabs	= 1.670822211e-29
Cenh	= 3.7449746795E-25
Crad	= 3.4151799017E-26

EELS and Cathodoluminescence

Peels	= 6.3601569737E-04
Pcl	= 5.8000606484E-05
