Cext	= 9.523272054e-25
Qext	= 5.182451955e-29
Cabs	= 6.4364128e-25
Qabs	= 3.502619678e-29
Cenh	= 9.5232720537E-25
Crad	= 3.0868592537E-25

EELS and Cathodoluminescence

Peels	= 2.2858605987E-03
Pcl	= 7.4093545811E-04
