Cext	= 7.095972468e-25
Qext	= 4.024383224e-29
Cabs	= 6.343014609e-25
Qabs	= 3.597353526e-29
Cenh	= 7.0959724682E-25
Crad	= 7.5295785902E-26

EELS and Cathodoluminescence

Peels	= 1.3662341134E-03
Pcl	= 1.4497191436E-04
