Cext	= 1.623018056e-23
Qext	= 9.096006e-28
Cabs	= 1.53942387e-23
Qabs	= 8.627512617e-28
Cenh	= 1.6230180564E-23
Crad	= 8.3594186269E-25

EELS and Cathodoluminescence

Peels	= 3.2464271079E-02
Pcl	= 1.6720851090E-03
