Cext	= 1.184818733e-24
Qext	= 6.558593723e-29
Cabs	= 8.294231417e-25
Qabs	= 4.591292541e-29
Cenh	= 1.1848187330E-24
Crad	= 3.5539559128E-25

EELS and Cathodoluminescence

Peels	= 2.7345264187E-03
Pcl	= 8.2024246105E-04
