Cext	= 2.03282592e-25
Qext	= 1.186260862e-29
Cabs	= 1.90870968e-25
Qabs	= 1.113832507e-29
Cenh	= 2.0328259199E-25
Crad	= 1.2411624029E-26

EELS and Cathodoluminescence

Peels	= 3.6686991520E-04
Pcl	= 2.2399613320E-05
