Cext	= 1.196355641e-24
Qext	= 6.704828729e-29
Cabs	= 1.082340362e-24
Qabs	= 6.065844054e-29
Cenh	= 1.1963556414E-24
Crad	= 1.1401527937E-25

EELS and Cathodoluminescence

Peels	= 2.3929994924E-03
Pcl	= 2.2805802572E-04
