Cext	= 8.990465974e-24
Qext	= 5.03859659e-28
Cabs	= 8.488809289e-24
Qabs	= 4.757449242e-28
Cenh	= 8.9904659741E-24
Crad	= 5.0165668496E-25

EELS and Cathodoluminescence

Peels	= 1.7983097807E-02
Pcl	= 1.0034342221E-03
