Cext	= 3.408311433e-25
Qext	= 1.861972382e-29
Cabs	= 3.102655442e-25
Qabs	= 1.694991452e-29
Cenh	= 3.4083114327E-25
Crad	= 3.0565599086E-26

EELS and Cathodoluminescence

Peels	= 5.4661020526E-04
Pcl	= 4.9019782141E-05
