Cext	= 2.181795283e-24
Qext	= 1.222760456e-28
Cabs	= 1.99146998e-24
Qabs	= 1.11609497e-28
Cenh	= 2.1817952826E-24
Crad	= 1.9032530253E-25

EELS and Cathodoluminescence

Peels	= 4.3641161733E-03
Pcl	= 3.8069645562E-04
