'Amsterdam DDA' v.0.721
Copyright (C) 2006 M.A. Yurkin and A.G. Hoekstra

all data is saved in 'run000_sphere_g16m1_5'
0 :  0 16 16 4096 32 0
lambda: 6.28319   m0: 1.5+0i   Dipoles/lambda: 15
Required relative error: 1e-05
Total number of occupied dipoles: 2176
Memory usage for MatVec matrices: 1.3 Mb
Calculating Dmatrix......
Initializing FFTW3
Total memory usage: 2.2 Mb

here we go, calc Y

CoupleConstant:0.005259037197+1.843854148e-05i
x_0 = 0
RE_000 = 1.0000000000E+00
RE_001 = 8.4752662637E-01  + 
RE_002 = 8.2113292044E-01  + 
RE_003 = 4.2639057157E-01  + 
RE_004 = 3.0639031825E-01  + 
RE_005 = 2.2448283848E-01  + 
RE_006 = 2.2740255145E-01  - 
RE_007 = 1.5952149116E-01  + 
RE_008 = 6.1602401378E-02  + 
RE_009 = 3.5443250605E-02  + 
RE_010 = 2.9898244022E-02  + 
RE_011 = 2.4111231314E-02  + 
RE_012 = 3.8307716444E-03  + 
RE_013 = 3.0434605426E-03  + 
RE_014 = 1.3101400518E-03  + 
RE_015 = 8.2588869898E-04  + 
RE_016 = 5.0452779301E-04  + 
RE_017 = 1.1339755205E-04  + 
RE_018 = 9.3640501846E-05  + 
RE_019 = 6.8748640198E-05  + 
RE_020 = 2.2386150971E-05  + 
RE_021 = 1.5169802499E-05  + 
RE_022 = 3.1681098360E-06  + 
Cext	= 135.0449046
Qext	= 3.791149609
Cabs	= 1.36464414e-16
Qabs	= 3.830999855e-18
end 0
