Cext	= 1.418828917e-24
Qext	= 7.721099066e-29
Cabs	= 1.253877081e-24
Qabs	= 6.823450696e-29
Cenh	= 1.4188289172E-24
Crad	= 1.6495183574E-25

EELS and Cathodoluminescence

Peels	= 2.9190853431E-03
Pcl	= 3.3937036396E-04
