Cext	= 3.45085398e-24
Qext	= 1.933988866e-28
Cabs	= 3.179869597e-24
Qabs	= 1.782118986e-28
Cenh	= 3.4508539797E-24
Crad	= 2.7098438279E-25

EELS and Cathodoluminescence

Peels	= 6.9025392917E-03
Pcl	= 5.4203404740E-04
