Cext	= 6.834917599e-25
Qext	= 3.783485728e-29
Cabs	= 6.179783725e-25
Qabs	= 3.420834734e-29
Cenh	= 6.8349175988E-25
Crad	= 6.5513387376E-26

EELS and Cathodoluminescence

Peels	= 1.3159715075E-03
Pcl	= 1.2613722096E-04
