Cext	= 1.657180009e-25
Qext	= 9.670517122e-30
Cabs	= 1.586896574e-25
Qabs	= 9.260376303e-30
Cenh	= 1.6571800092E-25
Crad	= 7.0283435572E-27

EELS and Cathodoluminescence

Peels	= 3.0834969706E-04
Pcl	= 1.3077563057E-05
