Cext	= 3.037304962e-25
Qext	= 1.702220382e-29
Cabs	= 2.791991441e-25
Qabs	= 1.564737423e-29
Cenh	= 3.0373049616E-25
Crad	= 2.4531352013E-26

EELS and Cathodoluminescence

Peels	= 4.3918132257E-04
Pcl	= 3.5471287070E-05
