Cext	= 7.452485753e-25
Qext	= 4.348917479e-29
Cabs	= 1.147564155e-25
Qabs	= 6.696640525e-30
Cenh	= 7.4524857532E-25
Crad	= 6.3049215984E-25

EELS and Cathodoluminescence

Peels	= 1.5924142636E-03
Pcl	= 1.3472078199E-03
