Cext	= 2.677369885e-25
Qext	= 1.471780381e-29
Cabs	= 2.552313611e-25
Qabs	= 1.403035538e-29
Cenh	= 2.6773698852E-25
Crad	= 1.2505627461E-26

EELS and Cathodoluminescence

Peels	= 4.8319261042E-04
Pcl	= 2.2569264005E-05
