Cext	= 1.084023617e-23
Qext	= 6.07527765e-28
Cabs	= 1.015298775e-23
Qabs	= 5.690117685e-28
Cenh	= 1.0840236169E-23
Crad	= 6.8724842283E-25

EELS and Cathodoluminescence

Peels	= 2.1683083819E-02
Pcl	= 1.3746624081E-03
