Cext	= 3.450854141e-24
Qext	= 1.933988957e-28
Cabs	= 3.179869979e-24
Qabs	= 1.7821192e-28
Cenh	= 3.4508541414E-24
Crad	= 2.7098416253E-25

EELS and Cathodoluminescence

Peels	= 6.9025396151E-03
Pcl	= 5.4203360684E-04
