Cext	= 6.923277484e-25
Qext	= 3.880066108e-29
Cabs	= 4.408101252e-25
Qabs	= 2.470466381e-29
Cenh	= 6.9232774837E-25
Crad	= 2.5151762318E-25

EELS and Cathodoluminescence

Peels	= 1.6617867394E-03
Pcl	= 6.0371500623E-04
