Cext	= 3.53220068e-25
Qext	= 1.941690496e-29
Cabs	= 3.23433757e-25
Qabs	= 1.77795179e-29
Cenh	= 3.5322006796E-25
Crad	= 2.9786310996E-26

EELS and Cathodoluminescence

Peels	= 5.9987991128E-04
Pcl	= 5.0586620688E-05
