Cext	= 2.96245047e-25
Qext	= 1.680113054e-29
Cabs	= 2.685059292e-25
Qabs	= 1.522794461e-29
Cenh	= 2.9624504701E-25
Crad	= 2.7739117826E-26

EELS and Cathodoluminescence

Peels	= 4.5004667946E-04
Pcl	= 4.2140444186E-05
