Cext	= 3.578219133e-25
Qext	= 1.756616449e-29
Cabs	= 3.240581493e-25
Qabs	= 1.590863651e-29
Cenh	= 3.5782191334E-25
Crad	= 3.3763763996E-26

EELS and Cathodoluminescence

Peels	= 5.5892149709E-04
Pcl	= 5.2739345512E-05
