Cext	= 1.310652811e-23
Qext	= 7.345393222e-28
Cabs	= 1.243218428e-23
Qabs	= 6.967465478e-28
Cenh	= 1.3106528108E-23
Crad	= 6.7434383068E-25

EELS and Cathodoluminescence

Peels	= 2.6216213660E-02
Pcl	= 1.3488501150E-03
