Cext	= 1.533500455e-23
Qext	= 8.594315564e-28
Cabs	= 1.444917554e-23
Qabs	= 8.09786354e-28
Cenh	= 1.5335004553E-23
Crad	= 8.8582900998E-25

EELS and Cathodoluminescence

Peels	= 3.0673703405E-02
Pcl	= 1.7718714217E-03
