Cext	= 1.384538721e-24
Qext	= 6.928539276e-29
Cabs	= 5.831967193e-25
Qabs	= 2.918445916e-29
Cenh	= 1.3845387207E-24
Crad	= 8.0134200140E-25

EELS and Cathodoluminescence

Peels	= 3.1954742139E-03
Pcl	= 1.8494735205E-03
