Cext	= 1.209042345e-24
Qext	= 6.775929808e-29
Cabs	= 1.096857287e-24
Qabs	= 6.147202381e-29
Cenh	= 1.2090423453E-24
Crad	= 1.1218505865E-25

EELS and Cathodoluminescence

Peels	= 2.4183759564E-03
Pcl	= 2.2439714338E-04
