Cext	= 7.943231267e-25
Qext	= 4.339414849e-29
Cabs	= 5.182616419e-25
Qabs	= 2.831281363e-29
Cenh	= 7.9432312669E-25
Crad	= 2.7606148481E-25

EELS and Cathodoluminescence

Peels	= 1.9066051329E-03
Pcl	= 6.6262736945E-04
