Cext	= 2.651507649e-25
Qext	= 1.467748689e-29
Cabs	= 2.531127481e-25
Qabs	= 1.401111946e-29
Cenh	= 2.6515076491E-25
Crad	= 1.2038016850E-26

EELS and Cathodoluminescence

Peels	= 4.7852517860E-04
Pcl	= 2.1725353744E-05
