Cext	= 1.359295653e-23
Qext	= 7.618006079e-28
Cabs	= 1.287193197e-23
Qabs	= 7.213916688e-28
Cenh	= 1.3592956534E-23
Crad	= 7.2102456518E-25

EELS and Cathodoluminescence

Peels	= 2.7189187696E-02
Pcl	= 1.4422228297E-03
