Cext	= 2.516554422e-25
Qext	= 1.410372117e-29
Cabs	= 2.237423037e-25
Qabs	= 1.253936349e-29
Cenh	= 2.5165544223E-25
Crad	= 2.7913138577E-26

EELS and Cathodoluminescence

Peels	= 5.0337150982E-04
Pcl	= 5.5833001602E-05
