Cext	= 135.0449046
Qext	= 3.791149609
Cabs	= 1.36464414e-16
Qabs	= 3.830999855e-18
