Cext	= 1.98761111e-24
Qext	= 9.757564418e-29
Cabs	= 7.010115649e-25
Qabs	= 3.441400316e-29
Cenh	= 1.9876111100E-24
Crad	= 1.2865995452E-24

EELS and Cathodoluminescence

Peels	= 4.5873473631E-03
Pcl	= 2.9694335079E-03
