Cext	= 1.614241209e-24
Qext	= 9.046817235e-29
Cabs	= 1.464362029e-24
Qabs	= 8.206837716e-29
Cenh	= 1.6142412093E-24
Crad	= 1.4987918057E-25

EELS and Cathodoluminescence

Peels	= 3.2288712993E-03
Pcl	= 2.9979446796E-04
