Cext	= 7.457216307e-25
Qext	= 4.073903187e-29
Cabs	= 6.726074131e-25
Qabs	= 3.674477675e-29
Cenh	= 7.4572163070E-25
Crad	= 7.3114217617E-26

EELS and Cathodoluminescence

Peels	= 1.4357867587E-03
Pcl	= 1.4077159788E-04
