Cext	= 1.126496292e-24
Qext	= 6.313310559e-29
Cabs	= 1.01879431e-24
Qabs	= 5.709707983e-29
Cenh	= 1.1264962923E-24
Crad	= 1.0770198262E-25

EELS and Cathodoluminescence

Peels	= 2.2532639645E-03
Pcl	= 2.1542991133E-04
