Cext	= 9.294906435e-24
Qext	= 5.209216519e-28
Cabs	= 8.789768559e-24
Qabs	= 4.926118181e-28
Cenh	= 9.2949064346E-24
Crad	= 5.0513787569E-25

EELS and Cathodoluminescence

Peels	= 1.8592052070E-02
Pcl	= 1.0103974422E-03
