Cext	= 3.266248143e-25
Qext	= 1.830528785e-29
Cabs	= 2.917580262e-25
Qabs	= 1.635122139e-29
Cenh	= 3.2662481427E-25
Crad	= 3.4866788109E-26

EELS and Cathodoluminescence

Peels	= 6.5332831449E-04
Pcl	= 6.9741975844E-05
