Cext	= 1.259754574e-23
Qext	= 7.060140284e-28
Cabs	= 1.198829834e-23
Qabs	= 6.718695039e-28
Cenh	= 1.2597545737E-23
Crad	= 6.0924739652E-25

EELS and Cathodoluminescence

Peels	= 2.5198126302E-02
Pcl	= 1.2186415645E-03
