Cext	= 2.778240927e-25
Qext	= 1.575641144e-29
Cabs	= 2.533622776e-25
Qabs	= 1.436909323e-29
Cenh	= 2.7782409269E-25
Crad	= 2.4461815132E-26

EELS and Cathodoluminescence

Peels	= 4.0172176983E-04
Pcl	= 3.5370739712E-05
