Cext	= 1.248090761e-24
Qext	= 6.818363207e-29
Cabs	= 1.077059032e-24
Qabs	= 5.884010926e-29
Cenh	= 1.2480907610E-24
Crad	= 1.7103172914E-25

EELS and Cathodoluminescence

Peels	= 2.6668652526E-03
Pcl	= 3.6545305020E-04
