Cext	= 3.247065391e-25
Qext	= 1.797421167e-29
Cabs	= 2.978533374e-25
Qabs	= 1.648774597e-29
Cenh	= 3.2470653915E-25
Crad	= 2.6853201795E-26

EELS and Cathodoluminescence

Peels	= 4.8110466824E-04
Pcl	= 3.9787313106E-05
