Cext	= 1.042584232e-24
Qext	= 5.843035693e-29
Cabs	= 9.427753807e-25
Qabs	= 5.283669202e-29
Cenh	= 1.0425842325E-24
Crad	= 9.9808851818E-26

EELS and Cathodoluminescence

Peels	= 2.0854196300E-03
Pcl	= 1.9964174821E-04
