Cext	= 3.833539549e-25
Qext	= 2.148460309e-29
Cabs	= 3.424601671e-25
Qabs	= 1.919276081e-29
Cenh	= 3.8335395494E-25
Crad	= 4.0893787809E-26

EELS and Cathodoluminescence

Peels	= 7.6680026224E-04
Pcl	= 8.1797427186E-05
