Cext	= 3.352490892e-25
Qext	= 1.878862478e-29
Cabs	= 3.069283384e-25
Qabs	= 1.720142297e-29
Cenh	= 3.3524908918E-25
Crad	= 2.8320750824E-26

EELS and Cathodoluminescence

Peels	= 5.6935947902E-04
Pcl	= 4.8097633834E-05
