Cext	= 1.055998794e-24
Qext	= 6.162308477e-29
Cabs	= -5.631589437e-25
Qabs	= -3.286328689e-29
Cenh	= 1.0559987940E-24
Crad	= 1.6191577377E-24

EELS and Cathodoluminescence

Peels	= 2.3397252753E-03
Pcl	= 3.5874892142E-03
