Cext	= 1.67030604e-24
Qext	= 9.361025716e-29
Cabs	= 1.521038092e-24
Qabs	= 8.524471776e-29
Cenh	= 1.6703060403E-24
Crad	= 1.4926794797E-25

EELS and Cathodoluminescence

Peels	= 3.3410144676E-03
Pcl	= 2.9857185552E-04
