Cext	= 8.784972698e-24
Qext	= 4.923430399e-28
Cabs	= 8.254871119e-24
Qabs	= 4.626341459e-28
Cenh	= 8.7849726982E-24
Crad	= 5.3010157884E-25

EELS and Cathodoluminescence

Peels	= 1.7572061751E-02
Pcl	= 1.0603308625E-03
