Cext	= 1.858199921e-23
Qext	= 1.041405397e-27
Cabs	= 1.763519188e-23
Qabs	= 9.883427394e-28
Cenh	= 1.8581999208E-23
Crad	= 9.4680732374E-25

EELS and Cathodoluminescence

Peels	= 3.7168474936E-02
Pcl	= 1.8938427393E-03
