Cext	= 1.898831061e-25
Qext	= 1.07689593e-29
Cabs	= 1.831449183e-25
Qabs	= 1.038681224e-29
Cenh	= 1.8988310614E-25
Crad	= 6.7381878639E-27

EELS and Cathodoluminescence

Peels	= 3.5331344772E-04
Pcl	= 1.2537673488E-05
