Cext	= 1.961294425e-24
Qext	= 1.09918345e-28
Cabs	= 1.789158332e-24
Qabs	= 1.002711883e-28
Cenh	= 1.9612944252E-24
Crad	= 1.7213609352E-25

EELS and Cathodoluminescence

Peels	= 3.9230613384E-03
Pcl	= 3.4431365570E-04
