Cext	= 2.184547188e-25
Qext	= 1.188804728e-29
Cabs	= 2.111991615e-25
Qabs	= 1.149320844e-29
Cenh	= 2.1845471885E-25
Crad	= 7.2555573274E-27

EELS and Cathodoluminescence

Peels	= 4.0647633935E-04
Pcl	= 1.3500337269E-05
