Cext	= 3.034562758e-25
Qext	= 1.721010546e-29
Cabs	= 2.742564225e-25
Qabs	= 1.555407593e-29
Cenh	= 3.0345627581E-25
Crad	= 2.9199853274E-26

EELS and Cathodoluminescence

Peels	= 4.7400181389E-04
Pcl	= 4.5610470176E-05
