Cext	= -5.872440477e-25
Qext	= -3.426877941e-29
Cabs	= -1.910718892e-24
Qabs	= -1.115004988e-28
Cenh	= -5.8724404772E-25
Crad	= 1.3234748440E-24

EELS and Cathodoluminescence

Peels	= -1.3553418071E-03
Pcl	= 3.0545406015E-03
