Cext	= 3.44675774e-25
Qext	= 1.89472155e-29
Cabs	= 3.143680644e-25
Qabs	= 1.728116657e-29
Cenh	= 3.4467577402E-25
Crad	= 3.0307709639E-26

EELS and Cathodoluminescence

Peels	= 5.3838709268E-04
Pcl	= 4.7340953176E-05
