Cext	= 3.847629259e-25
Qext	= 1.92543914e-29
Cabs	= 3.544007309e-25
Qabs	= 1.773499973e-29
Cenh	= 3.8476292593E-25
Crad	= 3.0362195050E-26

EELS and Cathodoluminescence

Peels	= 5.7008781011E-04
Pcl	= 4.4986447808E-05
