Cext	= 3.833538934e-25
Qext	= 2.148459964e-29
Cabs	= 3.424600058e-25
Qabs	= 1.919275177e-29
Cenh	= 3.8335389344E-25
Crad	= 4.0893887679E-26

EELS and Cathodoluminescence

Peels	= 7.6680013922E-04
Pcl	= 8.1797626950E-05
