Cext	= 1.355349195e-24
Qext	= 7.404319758e-29
Cabs	= 1.217429891e-24
Qabs	= 6.650861807e-29
Cenh	= 1.3553491947E-24
Crad	= 1.3791930391E-25

EELS and Cathodoluminescence

Peels	= 2.6960468633E-03
Pcl	= 2.7434767966E-04
