Cext	= 2.085068687e-25
Qext	= 1.146185741e-29
Cabs	= 2.01430999e-25
Qabs	= 1.107288888e-29
Cenh	= 2.0850686870E-25
Crad	= 7.0758696852E-27

EELS and Cathodoluminescence

Peels	= 3.8796648186E-04
Pcl	= 1.3165994411E-05
