Cext	= 3.448561522e-24
Qext	= 1.932704086e-28
Cabs	= 3.17952806e-24
Qabs	= 1.781927576e-28
Cenh	= 3.4485615222E-24
Crad	= 2.6903346256E-25

EELS and Cathodoluminescence

Peels	= 6.8979538244E-03
Pcl	= 5.3813173695E-04
