Cext	= 1.486431262e-24
Qext	= 8.228177417e-29
Cabs	= 1.289803396e-24
Qabs	= 7.13973895e-29
Cenh	= 1.4864312616E-24
Crad	= 1.9662786566E-25

EELS and Cathodoluminescence

Peels	= 3.0581697741E-03
Pcl	= 4.0454033163E-04
