Cext	= 1.704781348e-23
Qext	= 9.554238359e-28
Cabs	= 1.623046144e-23
Qabs	= 9.096163414e-28
Cenh	= 1.7047813483E-23
Crad	= 8.1735204274E-25

EELS and Cathodoluminescence

Peels	= 3.4099733890E-02
Pcl	= 1.6349009907E-03
