Cext	= 1.20396733e-24
Qext	= 6.577315371e-29
Cabs	= 8.099999498e-25
Qabs	= 4.425057879e-29
Cenh	= 1.2039673303E-24
Crad	= 3.9396738051E-25

EELS and Cathodoluminescence

Peels	= 2.7787208121E-03
Pcl	= 9.0926500410E-04
