Cext	= 3.401889072e-25
Qext	= 1.883124202e-29
Cabs	= 3.100055055e-25
Qabs	= 1.716043227e-29
Cenh	= 3.4018890717E-25
Crad	= 3.0183401723E-26

EELS and Cathodoluminescence

Peels	= 5.3137856067E-04
Pcl	= 4.7146782936E-05
