Cext	= 1.053977578e-23
Qext	= 5.906888305e-28
Cabs	= 1.005167674e-23
Qabs	= 5.633339175e-28
Cenh	= 1.0539775783E-23
Crad	= 4.8809903848E-25

EELS and Cathodoluminescence

Peels	= 2.1082090664E-02
Pcl	= 9.7631566307E-04
