Cext	= 8.449270935e-25
Qext	= 4.735290456e-29
Cabs	= 7.628422082e-25
Qabs	= 4.275255765e-29
Cenh	= 8.4492709350E-25
Crad	= 8.2084885275E-26

EELS and Cathodoluminescence

Peels	= 1.6900577352E-03
Pcl	= 1.6418954531E-04
