Cext	= 6.796847031e-25
Qext	= 3.736303364e-29
Cabs	= 5.407953773e-25
Qabs	= 2.972813098e-29
Cenh	= 6.7968470306E-25
Crad	= 1.3888932572E-25

EELS and Cathodoluminescence

Peels	= 1.5059444083E-03
Pcl	= 3.0773033805E-04
