all data is saved in 'run000_sphere_g16_m1.5'
box dimensions: 16x16x16
lambda: 6.283185307   Dipoles/lambda: 15
Required relative residual norm: 1e-05
Total number of occupied dipoles: 2176
Memory usage for MatVec matrices: 1.3 MB
Calculating Green's function (Dmatrix)
Fourier transform of Dmatrix
Initializing FFTW3
Total memory usage: 2.2 MB

here we go, calc Y

CoupleConstant: 0.005259037197+1.843854148e-05i
x_0 = 0
RE_000 = 1.0000000000E+00
RE_001 = 8.4752662637E-01  + 
RE_002 = 8.2113292044E-01  + 
RE_003 = 4.2639057157E-01  + 
RE_004 = 3.0639031825E-01  + 
RE_005 = 2.2448283848E-01  + 
RE_006 = 2.2740255145E-01  - 
RE_007 = 1.5952149116E-01  + 
RE_008 = 6.1602401377E-02  + 
RE_009 = 3.5443250605E-02  + 
RE_010 = 2.9898244023E-02  + 
RE_011 = 2.4111231314E-02  + 
RE_012 = 3.8307716442E-03  + 
RE_013 = 3.0434605422E-03  + 
RE_014 = 1.3101400527E-03  + 
RE_015 = 8.2588869730E-04  + 
RE_016 = 5.0452779332E-04  + 
RE_017 = 1.1339755942E-04  + 
RE_018 = 9.3640483943E-05  + 
RE_019 = 6.8748624567E-05  + 
RE_020 = 2.2386524812E-05  + 
RE_021 = 1.5170388041E-05  + 
RE_022 = 3.1680564851E-06  + 
Cext	= 135.0449041
Qext	= 3.791149596
Cabs	= -2.047466077e-16
Qabs	= -5.747903071e-18
