Cext	= 2.957609201e-25
Qext	= 1.451947122e-29
Cabs	= 2.810449541e-25
Qabs	= 1.37970362e-29
Cenh	= 2.9576092008E-25
Crad	= 1.4715966029E-26

EELS and Cathodoluminescence

Peels	= 5.3376820223E-04
Pcl	= 2.6558325317E-05
