Cext	= 3.145172708e-25
Qext	= 1.762673539e-29
Cabs	= 2.916781844e-25
Qabs	= 1.634674676e-29
Cenh	= 3.1451727077E-25
Crad	= 2.2839086401E-26

EELS and Cathodoluminescence

Peels	= 5.4970803849E-04
Pcl	= 3.9917774167E-05
