Cext	= 1.389552463e-23
Qext	= 7.787576664e-28
Cabs	= 1.319167796e-23
Qabs	= 7.393114412e-28
Cenh	= 1.3895524631E-23
Crad	= 7.0384667515E-25

EELS and Cathodoluminescence

Peels	= 2.7794396780E-02
Pcl	= 1.4078629114E-03
