Cext	= 1.605563634e-24
Qext	= 8.998184829e-29
Cabs	= 1.456567665e-24
Qabs	= 8.16315516e-29
Cenh	= 1.6055636344E-24
Crad	= 1.4899596931E-25

EELS and Cathodoluminescence

Peels	= 3.1937708876E-03
Pcl	= 2.9638127008E-04
