Cext	= 1.059361071e-23
Qext	= 5.937059431e-28
Cabs	= 1.006866178e-23
Qabs	= 5.642858232e-28
Cenh	= 1.0593610711E-23
Crad	= 5.2494892678E-25

EELS and Cathodoluminescence

Peels	= 2.1189773488E-02
Pcl	= 1.0500243170E-03
