Cext	= 8.78497371e-24
Qext	= 4.923430966e-28
Cabs	= 8.254870584e-24
Qabs	= 4.626341159e-28
Cenh	= 8.7849737099E-24
Crad	= 5.3010312554E-25

EELS and Cathodoluminescence

Peels	= 1.7572063775E-02
Pcl	= 1.0603339562E-03
