Cext	= 1.029658486e-23
Qext	= 5.770594932e-28
Cabs	= 9.819143196e-24
Qabs	= 5.503018594e-28
Cenh	= 1.0296584864E-23
Crad	= 4.7744166862E-25

EELS and Cathodoluminescence

Peels	= 2.0595650240E-02
Pcl	= 9.5499835592E-04
