Cext	= 8.861056359e-24
Qext	= 4.966070555e-28
Cabs	= 8.410595356e-24
Qabs	= 4.713615201e-28
Cenh	= 8.8610563586E-24
Crad	= 4.5046100232E-25

EELS and Cathodoluminescence

Peels	= 1.7724247401E-02
Pcl	= 9.0103052350E-04
