Cext	= 6.850740133e-25
Qext	= 3.839413438e-29
Cabs	= 6.153350804e-25
Qabs	= 3.448570126e-29
Cenh	= 6.8507401327E-25
Crad	= 6.9738932895E-26

EELS and Cathodoluminescence

Peels	= 1.3703130651E-03
Pcl	= 1.3949466633E-04
