Cext	= 1.389550595e-23
Qext	= 7.787566195e-28
Cabs	= 1.319164829e-23
Qabs	= 7.393097788e-28
Cenh	= 1.3895505951E-23
Crad	= 7.0385765728E-25

EELS and Cathodoluminescence

Peels	= 2.7794359416E-02
Pcl	= 1.4078848783E-03
