Cext	= 9.678644066e-25
Qext	= 5.357637625e-29
Cabs	= 6.673171952e-25
Qabs	= 3.693951021e-29
Cenh	= 9.6786440664E-25
Crad	= 3.0054721141E-25

EELS and Cathodoluminescence

Peels	= 2.3231543734E-03
Pcl	= 7.2140019181E-04
