Cext	= 1.786880372e-24
Qext	= 8.941946262e-29
Cabs	= 1.552425342e-24
Qabs	= 7.76868122e-29
Cenh	= 1.7868803720E-24
Crad	= 2.3445502952E-25

EELS and Cathodoluminescence

Peels	= 3.5741912145E-03
Pcl	= 4.6896654072E-04
