Cext	= 2.539173338e-25
Qext	= 1.423048612e-29
Cabs	= 2.423569667e-25
Qabs	= 1.358259949e-29
Cenh	= 2.5391733379E-25
Crad	= 1.1560367113E-26

EELS and Cathodoluminescence

Peels	= 4.5825188377E-04
Pcl	= 2.0863325584E-05
