Cext	= 1.02052738e-24
Qext	= 5.719420763e-29
Cabs	= 9.226508244e-25
Qabs	= 5.170883591e-29
Cenh	= 1.0205273798E-24
Crad	= 9.7876555345E-26

EELS and Cathodoluminescence

Peels	= 2.0413006110E-03
Pcl	= 1.9577668976E-04
