Cext	= 1.364157373e-24
Qext	= 7.498926724e-29
Cabs	= 1.231045199e-24
Qabs	= 6.76719411e-29
Cenh	= 1.3641573733E-24
Crad	= 1.3311217424E-25

EELS and Cathodoluminescence

Peels	= 2.7286433807E-03
Pcl	= 2.6625641604E-04
