Cext	= 1.844369628e-24
Qext	= 1.033654379e-28
Cabs	= 1.681808007e-24
Qabs	= 9.425487079e-29
Cenh	= 1.8443696284E-24
Crad	= 1.6256162163E-25

EELS and Cathodoluminescence

Peels	= 3.6891835769E-03
Pcl	= 3.2516240537E-04
