Cext	= 3.052592526e-25
Qext	= 1.678044493e-29
Cabs	= 2.81894868e-25
Qabs	= 1.549607839e-29
Cenh	= 3.0525925265E-25
Crad	= 2.3364384665E-26

EELS and Cathodoluminescence

Peels	= 4.3016269255E-04
Pcl	= 3.2924429089E-05
