Cext	= 2.868566799e-25
Qext	= 1.62686822e-29
Cabs	= 2.60811378e-25
Qabs	= 1.479155872e-29
Cenh	= 2.8685667987E-25
Crad	= 2.6045301885E-26

EELS and Cathodoluminescence

Peels	= 4.2502404837E-04
Pcl	= 3.8590280182E-05
