Cext	= 3.105308663e-25
Qext	= 1.524455622e-29
Cabs	= 2.848294024e-25
Qabs	= 1.398282203e-29
Cenh	= 3.1053086632E-25
Crad	= 2.5701463948E-26

EELS and Cathodoluminescence

Peels	= 4.3759130122E-04
Pcl	= 3.6217775017E-05
