Cext	= 2.742480788e-24
Qext	= 1.536989783e-28
Cabs	= 2.5039707e-24
Qabs	= 1.403319724e-28
Cenh	= 2.7424807878E-24
Crad	= 2.3851008772E-25

EELS and Cathodoluminescence

Peels	= 5.4856222562E-03
Pcl	= 4.7707763400E-04
