Cext	= 5.573937471e-25
Qext	= 3.252685734e-29
Cabs	= 4.834225284e-25
Qabs	= 2.82102476e-29
Cenh	= 5.5739374707E-25
Crad	= 7.3971218641E-26

EELS and Cathodoluminescence

Peels	= 1.1149217738E-03
Pcl	= 1.4796025741E-04
