Cext	= 6.434984849e-24
Qext	= 3.606408479e-28
Cabs	= 6.024055389e-24
Qabs	= 3.376108094e-28
Cenh	= 6.4349848492E-24
Crad	= 4.1092946030E-25

EELS and Cathodoluminescence

Peels	= 1.2871519926E-02
Pcl	= 8.2195791606E-04
