Cext	= 1.538103206e-24
Qext	= 8.723140864e-29
Cabs	= 1.093784624e-24
Qabs	= 6.203249112e-29
Cenh	= 1.5381032065E-24
Crad	= 4.4431858240E-25

EELS and Cathodoluminescence

Peels	= 3.4079006233E-03
Pcl	= 9.8445511818E-04
