Cext	= 1.418869687e-24
Qext	= 7.854188631e-29
Cabs	= 1.110973453e-24
Qabs	= 6.14982133e-29
Cenh	= 1.4188696869E-24
Crad	= 3.0789623375E-25

EELS and Cathodoluminescence

Peels	= 3.0317781240E-03
Pcl	= 6.5789908303E-04
