Cext	= 5.27264064e-25
Qext	= 2.588440487e-29
Cabs	= 1.236562061e-25
Qabs	= 6.07052049e-30
Cenh	= 5.2726406398E-25
Crad	= 4.0360785786E-25

EELS and Cathodoluminescence

Peels	= 1.1682333960E-03
Pcl	= 8.9425434169E-04
