Cext	= 2.410404789e-25
Qext	= 1.406597995e-29
Cabs	= 2.081905526e-25
Qabs	= 1.214901394e-29
Cenh	= 2.4104047886E-25
Crad	= 3.2849926227E-26

EELS and Cathodoluminescence

Peels	= 3.5714001917E-04
Pcl	= 4.8672419412E-05
