Cext	= 9.984632531e-24
Qext	= 5.595765066e-28
Cabs	= 9.502283676e-24
Qabs	= 5.325438555e-28
Cenh	= 9.9846325306E-24
Crad	= 4.8234885486E-25

EELS and Cathodoluminescence

Peels	= 1.9971670421E-02
Pcl	= 9.6481391056E-04
