Cext	= 3.64522479e-24
Qext	= 1.824151448e-28
Cabs	= 2.83906186e-24
Qabs	= 1.420729613e-28
Cenh	= 3.6452247900E-24
Crad	= 8.0616293022E-25

EELS and Cathodoluminescence

Peels	= 8.0765476476E-03
Pcl	= 1.7861760777E-03
