Cext	= 3.471115308e-25
Qext	= 1.896282357e-29
Cabs	= 3.179511732e-25
Qabs	= 1.73697831e-29
Cenh	= 3.4711153081E-25
Crad	= 2.9160357592E-26

EELS and Cathodoluminescence

Peels	= 5.8950567420E-04
Pcl	= 4.9523552912E-05
