Cext	= 1.356738571e-24
Qext	= 7.458144731e-29
Cabs	= 1.141497042e-24
Qabs	= 6.274937804e-29
Cenh	= 1.3567385708E-24
Crad	= 2.1524152890E-25

EELS and Cathodoluminescence

Peels	= 2.7913412452E-03
Pcl	= 4.4283590827E-04
