Cext	= 2.177900233e-25
Qext	= 1.270919355e-29
Cabs	= 1.888053115e-25
Qabs	= 1.101778315e-29
Cenh	= 2.1779002327E-25
Crad	= 2.8984711727E-26

EELS and Cathodoluminescence

Peels	= 3.0690353202E-04
Pcl	= 4.0844434792E-05
