Cext	= 3.496978073e-25
Qext	= 1.903014085e-29
Cabs	= 3.174992165e-25
Qabs	= 1.727793164e-29
Cenh	= 3.4969780728E-25
Crad	= 3.2198590751E-26

EELS and Cathodoluminescence

Peels	= 5.4623156013E-04
Pcl	= 5.0294528858E-05
