Cext	= 7.482534055e-24
Qext	= 4.193494606e-28
Cabs	= 7.018998668e-24
Qabs	= 3.933711874e-28
Cenh	= 7.4825340547E-24
Crad	= 4.6353538666E-25

EELS and Cathodoluminescence

Peels	= 1.4966870698E-02
Pcl	= 9.2718244188E-04
