Cext	= 1.290010388e-23
Qext	= 7.229705292e-28
Cabs	= 1.22425414e-23
Qabs	= 6.861182452e-28
Cenh	= 1.2900103883E-23
Crad	= 6.5756247758E-25

EELS and Cathodoluminescence

Peels	= 2.5803315480E-02
Pcl	= 1.3152833661E-03
