Cext	= 1.138128516e-24
Qext	= 6.454739398e-29
Cabs	= 1.017891165e-24
Qabs	= 5.772829795e-29
Cenh	= 1.1381285159E-24
Crad	= 1.2023735070E-25

EELS and Cathodoluminescence

Peels	= 2.2765312140E-03
Pcl	= 2.4050366733E-04
