Cext	= 1.042601013e-23
Qext	= 5.843129736e-28
Cabs	= 9.911176803e-24
Qabs	= 5.554597702e-28
Cenh	= 1.0426010128E-23
Crad	= 5.1483332517E-25

EELS and Cathodoluminescence

Peels	= 2.0854531946E-02
Pcl	= 1.0297906769E-03
