Cext	= 3.374937307e-25
Qext	= 1.843739981e-29
Cabs	= 3.078568511e-25
Qabs	= 1.681832678e-29
Cenh	= 3.3749373073E-25
Crad	= 2.9636879656E-26

EELS and Cathodoluminescence

Peels	= 5.2716866743E-04
Pcl	= 4.6293109865E-05
