Cext	= 135.0449041
Qext	= 3.791149597
Cabs	= -0
Qabs	= -0
