Cext	= 1.346643364e-23
Qext	= 7.547097872e-28
Cabs	= 1.275260759e-23
Qabs	= 7.147042803e-28
Cenh	= 1.3466433641E-23
Crad	= 7.1382604791E-25

EELS and Cathodoluminescence

Peels	= 2.6936111430E-02
Pcl	= 1.4278240610E-03
