Cext	= 2.088529008e-25
Qext	= 1.140970656e-29
Cabs	= 2.018944531e-25
Qabs	= 1.102956414e-29
Cenh	= 2.0885290082E-25
Crad	= 6.9584477547E-27

EELS and Cathodoluminescence

Peels	= 3.8861034009E-04
Pcl	= 1.2947508691E-05
