Cext	= 4.313595499e-26
Qext	= 2.417501788e-30
Cabs	= 3.785385913e-26
Qabs	= 2.121473192e-30
Cenh	= 4.3135954989E-26
Crad	= 5.2820958614E-27

EELS and Cathodoluminescence

Peels	= 8.6282301697E-05
Pcl	= 1.0565464213E-05
