Cext	= 3.430072455e-25
Qext	= 1.866604839e-29
Cabs	= 3.123930416e-25
Qabs	= 1.700005964e-29
Cenh	= 3.4300724546E-25
Crad	= 3.0614203900E-26

EELS and Cathodoluminescence

Peels	= 5.2108642292E-04
Pcl	= 4.6508189585E-05
