Cext	= 3.248092266e-25
Qext	= 1.625417513e-29
Cabs	= 3.101089054e-25
Qabs	= 1.551853841e-29
Cenh	= 3.2480922662E-25
Crad	= 1.4700321170E-26

EELS and Cathodoluminescence

Peels	= 5.8619251290E-04
Pcl	= 2.6530090592E-05
