Cext	= 9.984636942e-24
Qext	= 5.595767538e-28
Cabs	= 9.502286056e-24
Qabs	= 5.325439889e-28
Cenh	= 9.9846369416E-24
Crad	= 4.8235088590E-25

EELS and Cathodoluminescence

Peels	= 1.9971679244E-02
Pcl	= 9.6481797313E-04
