Cext	= 3.48750369e-25
Qext	= 1.930516388e-29
Cabs	= 3.194669087e-25
Qabs	= 1.768417062e-29
Cenh	= 3.4875036902E-25
Crad	= 2.9283460294E-26

EELS and Cathodoluminescence

Peels	= 5.9228894222E-04
Pcl	= 4.9732620415E-05
