Cext	= 3.374827862e-25
Qext	= 1.855180886e-29
Cabs	= 3.087804139e-25
Qabs	= 1.697400713e-29
Cenh	= 3.3748278622E-25
Crad	= 2.8702372325E-26

EELS and Cathodoluminescence

Peels	= 5.1269382846E-04
Pcl	= 4.3603791821E-05
