Cext	= 1.047591841e-24
Qext	= 5.941273093e-29
Cabs	= 9.669991477e-25
Qabs	= 5.484202715e-29
Cenh	= 1.0475918408E-24
Crad	= 8.0592693124E-26

EELS and Cathodoluminescence

Peels	= 2.1553056545E-03
Pcl	= 1.6581065300E-04
