Cext	= 1.196355563e-24
Qext	= 6.704828291e-29
Cabs	= 1.082340216e-24
Qabs	= 6.065843238e-29
Cenh	= 1.1963555632E-24
Crad	= 1.1401534680E-25

EELS and Cathodoluminescence

Peels	= 2.3929993360E-03
Pcl	= 2.2805816062E-04
