Cext	= 6.070105509e-25
Qext	= 3.401916319e-29
Cabs	= 5.481455716e-25
Qabs	= 3.07201475e-29
Cenh	= 6.0701055086E-25
Crad	= 5.8864979236E-26

EELS and Cathodoluminescence

Peels	= 1.1687172202E-03
Pcl	= 1.1333660478E-04
