Cext	= 4.631998855e-25
Qext	= 2.595947051e-29
Cabs	= 4.155038667e-25
Qabs	= 2.328640553e-29
Cenh	= 4.6319988550E-25
Crad	= 4.7696018797E-26

EELS and Cathodoluminescence

Peels	= 9.2651135874E-04
Pcl	= 9.5403527862E-05
