Cext	= 2.181795715e-24
Qext	= 1.222760698e-28
Cabs	= 1.991470956e-24
Qabs	= 1.116095517e-28
Cenh	= 2.1817957152E-24
Crad	= 1.9032475904E-25

EELS and Cathodoluminescence

Peels	= 4.3641170386E-03
Pcl	= 3.8069536850E-04
