Cext	= 1.235633679e-23
Qext	= 6.924957685e-28
Cabs	= 1.17567556e-23
Qabs	= 6.588929742e-28
Cenh	= 1.2356336795E-23
Crad	= 5.9958119987E-25

EELS and Cathodoluminescence

Peels	= 2.4715650308E-02
Pcl	= 1.1993068426E-03
