Cext	= 2.93960032e-25
Qext	= 1.667153905e-29
Cabs	= 2.709462744e-25
Qabs	= 1.536634543e-29
Cenh	= 2.9396003196E-25
Crad	= 2.3013757588E-26

EELS and Cathodoluminescence

Peels	= 5.1377843946E-04
Pcl	= 4.0223061554E-05
