Cext	= 8.990457939e-24
Qext	= 5.038592087e-28
Cabs	= 8.488792671e-24
Qabs	= 4.757439929e-28
Cenh	= 8.9904579390E-24
Crad	= 5.0166526819E-25

EELS and Cathodoluminescence

Peels	= 1.7983081735E-02
Pcl	= 1.0034513907E-03
