Cext	= 1.011366298e-25
Qext	= 5.668078604e-30
Cabs	= 8.926214213e-26
Qabs	= 5.002587477e-30
Cenh	= 1.0113662985E-25
Crad	= 1.1874487717E-26

EELS and Cathodoluminescence

Peels	= 2.0229762414E-04
Pcl	= 2.3751836072E-05
