Cext	= 1.460622909e-24
Qext	= 8.18588228e-29
Cabs	= 1.132105151e-24
Qabs	= 6.344744721e-29
Cenh	= 1.4606229094E-24
Crad	= 3.2851775844E-25

EELS and Cathodoluminescence

Peels	= 3.1209945671E-03
Pcl	= 7.0196224685E-04
