Cext	= 1.253415456e-24
Qext	= 7.024613474e-29
Cabs	= 1.13396077e-24
Qabs	= 6.355144308e-29
Cenh	= 1.2534154559E-24
Crad	= 1.1945468634E-25

EELS and Cathodoluminescence

Peels	= 2.5071328673E-03
Pcl	= 2.3893815006E-04
