Cext	= 1.209006367e-23
Qext	= 6.775728171e-28
Cabs	= 1.152547428e-23
Qabs	= 6.45931096e-28
Cenh	= 1.2090063669E-23
Crad	= 5.6458938883E-25

EELS and Cathodoluminescence

Peels	= 2.4183039909E-02
Pcl	= 1.1293147908E-03
