Cext	= 3.481083743e-25
Qext	= 1.926962611e-29
Cabs	= 3.172030814e-25
Qabs	= 1.755885589e-29
Cenh	= 3.4810837434E-25
Crad	= 3.0905292969E-26

EELS and Cathodoluminescence

Peels	= 5.7492710929E-04
Pcl	= 5.1042411095E-05
