Cext	= 3.448561554e-24
Qext	= 1.932704104e-28
Cabs	= 3.179528052e-24
Qabs	= 1.781927572e-28
Cenh	= 3.4485615535E-24
Crad	= 2.6903350119E-25

EELS and Cathodoluminescence

Peels	= 6.8979538870E-03
Pcl	= 5.3813181422E-04
