Cext	= 4.816401371e-24
Qext	= 2.699293184e-28
Cabs	= 4.476881928e-24
Qabs	= 2.509013669e-28
Cenh	= 4.8164013707E-24
Crad	= 3.3951944220E-25

EELS and Cathodoluminescence

Peels	= 9.6339630425E-03
Pcl	= 6.7912067676E-04
