Cext	= 6.367725386e-25
Qext	= 3.568713736e-29
Cabs	= 5.733130321e-25
Qabs	= 3.213062701e-29
Cenh	= 6.3677253859E-25
Crad	= 6.3459506451E-26

EELS and Cathodoluminescence

Peels	= 1.2736984797E-03
Pcl	= 1.2693430069E-04
