Cext	= 1.556444795e-24
Qext	= 8.46998839e-29
Cabs	= 1.416157404e-24
Qabs	= 7.706561007e-29
Cenh	= 1.5564447955E-24
Crad	= 1.4028739151E-25

EELS and Cathodoluminescence

Peels	= 3.1132645482E-03
Pcl	= 2.8060857913E-04
