Cext	= 3.587284166e-25
Qext	= 1.952157592e-29
Cabs	= 3.257724481e-25
Qabs	= 1.772815111e-29
Cenh	= 3.5872841662E-25
Crad	= 3.2955968496E-26

EELS and Cathodoluminescence

Peels	= 5.9246690627E-04
Pcl	= 5.4429255653E-05
