Cext	= 4.900113206e-25
Qext	= 2.452125484e-29
Cabs	= 1.374855831e-25
Qabs	= 6.880083945e-30
Cenh	= 4.9001132061E-25
Crad	= 3.5252573751E-25

EELS and Cathodoluminescence

Peels	= 1.1761688256E-03
Pcl	= 8.4616368080E-04
