Cext	= 2.42937467e-25
Qext	= 1.192626652e-29
Cabs	= 2.342019321e-25
Qabs	= 1.149742235e-29
Cenh	= 2.4293746701E-25
Crad	= 8.7355348995E-27

EELS and Cathodoluminescence

Peels	= 4.5203112480E-04
Pcl	= 1.6254115576E-05
