Cext	= 1.147869871e-23
Qext	= 6.433096163e-28
Cabs	= 1.080770742e-23
Qabs	= 6.057047312e-28
Cenh	= 1.1478698707E-23
Crad	= 6.7099128417E-25

EELS and Cathodoluminescence

Peels	= 2.2960162703E-02
Pcl	= 1.3421442143E-03
