Cext	= 1.213069057e-24
Qext	= 6.879754373e-29
Cabs	= 9.628565801e-25
Qabs	= 5.460708712e-29
Cenh	= 1.2130690569E-24
Crad	= 2.5021247678E-25

EELS and Cathodoluminescence

Peels	= 2.5920324211E-03
Pcl	= 5.3464297705E-04
