Cext	= 1.5489953e-24
Qext	= 7.604315222e-29
Cabs	= 1.459077478e-24
Qabs	= 7.162891379e-29
Cenh	= 1.5489952997E-24
Crad	= 8.9917821369E-26

EELS and Cathodoluminescence

Peels	= 3.1868884409E-03
Pcl	= 1.8499608463E-04
