Cext	= 3.272517079e-25
Qext	= 1.811510012e-29
Cabs	= 3.035677767e-25
Qabs	= 1.680407019e-29
Cenh	= 3.2725170790E-25
Crad	= 2.3683931231E-26

EELS and Cathodoluminescence

Peels	= 5.7196507523E-04
Pcl	= 4.1394379866E-05
