Cext	= 1.349175718e-24
Qext	= 7.561290138e-29
Cabs	= 1.173965425e-24
Qabs	= 6.579345503e-29
Cenh	= 1.3491757178E-24
Crad	= 1.7521029279E-25

EELS and Cathodoluminescence

Peels	= 2.7757815022E-03
Pcl	= 3.6047601755E-04
