Cext	= 1.212806438e-23
Qext	= 6.797025203e-28
Cabs	= 1.150577912e-23
Qabs	= 6.448273051e-28
Cenh	= 1.2128064378E-23
Crad	= 6.2228525498E-25

EELS and Cathodoluminescence

Peels	= 2.4259050482E-02
Pcl	= 1.2447204223E-03
