Cext	= 3.124727109e-25
Qext	= 1.772146018e-29
Cabs	= 2.826009931e-25
Qabs	= 1.602732678e-29
Cenh	= 3.1247271092E-25
Crad	= 2.9871717796E-26

EELS and Cathodoluminescence

Peels	= 5.1607213634E-04
Pcl	= 4.9335384116E-05
