Cext	= 2.659082414e-25
Qext	= 1.551714471e-29
Cabs	= 2.299232791e-25
Qabs	= 1.341723286e-29
Cenh	= 2.6590824144E-25
Crad	= 3.5984962371E-26

EELS and Cathodoluminescence

Peels	= 4.2645210481E-04
Pcl	= 5.7711121933E-05
