Cext	= 1.253415323e-24
Qext	= 7.024612732e-29
Cabs	= 1.133960578e-24
Qabs	= 6.355143233e-29
Cenh	= 1.2534153235E-24
Crad	= 1.1945474579E-25

EELS and Cathodoluminescence

Peels	= 2.5071326025E-03
Pcl	= 2.3893826896E-04
