Cext	= 3.21262887e-25
Qext	= 1.755070318e-29
Cabs	= 2.950027979e-25
Qabs	= 1.611610538e-29
Cenh	= 3.2126288698E-25
Crad	= 2.6260089045E-26

EELS and Cathodoluminescence

Peels	= 4.7600234681E-04
Pcl	= 3.8908521710E-05
