Cext	= 6.642365798e-26
Qext	= 3.722632593e-30
Cabs	= 5.844240694e-26
Qabs	= 3.275333149e-30
Cenh	= 6.6423657985E-26
Crad	= 7.9812510491E-27

EELS and Cathodoluminescence

Peels	= 1.3286331784E-04
Pcl	= 1.5964424831E-05
