Cext	= 6.367725299e-25
Qext	= 3.568713687e-29
Cabs	= 5.733129817e-25
Qabs	= 3.213062419e-29
Cenh	= 6.3677252990E-25
Crad	= 6.3459548166E-26

EELS and Cathodoluminescence

Peels	= 1.2736984623E-03
Pcl	= 1.2693438413E-04
