Cext	= 1.209042109e-24
Qext	= 6.775928482e-29
Cabs	= 1.096857452e-24
Qabs	= 6.147203307e-29
Cenh	= 1.2090421087E-24
Crad	= 1.1218465685E-25

EELS and Cathodoluminescence

Peels	= 2.4183754832E-03
Pcl	= 2.2439633968E-04
