Cext	= 1.517743789e-24
Qext	= 8.401508696e-29
Cabs	= 1.371460929e-24
Qabs	= 7.591756264e-29
Cenh	= 1.5177437891E-24
Crad	= 1.4628286051E-25

EELS and Cathodoluminescence

Peels	= 3.0358532121E-03
Pcl	= 2.9260096148E-04
