Cext	= 2.920010858e-25
Qext	= 1.636484337e-29
Cabs	= 2.693231715e-25
Qabs	= 1.509388743e-29
Cenh	= 2.9200108582E-25
Crad	= 2.2677914339E-26

EELS and Cathodoluminescence

Peels	= 4.1147965938E-04
Pcl	= 3.1957074549E-05
