Cext	= 3.266247841e-25
Qext	= 1.830528616e-29
Cabs	= 2.917579814e-25
Qabs	= 1.635121888e-29
Cenh	= 3.2662478415E-25
Crad	= 3.4866802756E-26

EELS and Cathodoluminescence

Peels	= 6.5332825424E-04
Pcl	= 6.9742005141E-05
