Cext	= 3.268266074e-25
Qext	= 1.83165971e-29
Cabs	= 2.974680826e-25
Qabs	= 1.667123451e-29
Cenh	= 3.2682660743E-25
Crad	= 2.9358524861E-26

EELS and Cathodoluminescence

Peels	= 5.1050651148E-04
Pcl	= 4.5858316821E-05
