Cext	= 7.484774151e-25
Qext	= 4.07312552e-29
Cabs	= 4.931056589e-25
Qabs	= 2.683422642e-29
Cenh	= 7.4847741514E-25
Crad	= 2.5537175628E-25

EELS and Cathodoluminescence

Peels	= 1.7274636267E-03
Pcl	= 5.8939042293E-04
