Cext	= 2.591037073e-24
Qext	= 1.452115007e-28
Cabs	= 2.36625036e-24
Qabs	= 1.326136046e-28
Cenh	= 2.5910370729E-24
Crad	= 2.2478671264E-25

EELS and Cathodoluminescence

Peels	= 5.1826983427E-03
Pcl	= 4.4962757780E-04
