Cext	= 1.259754839e-23
Qext	= 7.060141769e-28
Cabs	= 1.198830046e-23
Qabs	= 6.718696225e-28
Cenh	= 1.2597548387E-23
Crad	= 6.0924792982E-25

EELS and Cathodoluminescence

Peels	= 2.5198131601E-02
Pcl	= 1.2186426313E-03
