Cext	= 3.252391618e-25
Qext	= 1.596661468e-29
Cabs	= 2.97582228e-25
Qabs	= 1.460888272e-29
Cenh	= 3.2523916185E-25
Crad	= 2.7656933889E-26

EELS and Cathodoluminescence

Peels	= 4.7028193434E-04
Pcl	= 3.9990744944E-05
