Cext	= 9.498694652e-25
Qext	= 4.663091511e-29
Cabs	= 8.157576212e-25
Qabs	= 4.004710729e-29
Cenh	= 9.4986946517E-25
Crad	= 1.3411184398E-25

EELS and Cathodoluminescence

Peels	= 1.8288459720E-03
Pcl	= 2.5821432803E-04
