Cext	= 1.623017994e-23
Qext	= 9.096005649e-28
Cabs	= 1.539423778e-23
Qabs	= 8.627512103e-28
Cenh	= 1.6230179938E-23
Crad	= 8.3594215409E-25

EELS and Cathodoluminescence

Peels	= 3.2464269827E-02
Pcl	= 1.6720856918E-03
