Cext	= 1.346643245e-23
Qext	= 7.547097202e-28
Cabs	= 1.275260811e-23
Qabs	= 7.14704309e-28
Cenh	= 1.3466432446E-23
Crad	= 7.1382434042E-25

EELS and Cathodoluminescence

Peels	= 2.6936109039E-02
Pcl	= 1.4278206456E-03
