Cext	= 4.474275331e-25
Qext	= 2.610975027e-29
Cabs	= 3.382441269e-25
Qabs	= 1.973832415e-29
Cenh	= 4.4742753309E-25
Crad	= 1.0918340621E-25

EELS and Cathodoluminescence

Peels	= 9.2053322152E-04
Pcl	= 2.2463291867E-04
