Cext	= 2.707986119e-25
Qext	= 1.580252356e-29
Cabs	= 2.389825823e-25
Qabs	= 1.394589086e-29
Cenh	= 2.7079861191E-25
Crad	= 3.1816029605E-26

EELS and Cathodoluminescence

Peels	= 4.5990208944E-04
Pcl	= 5.4033727830E-05
