Cext	= 1.293639031e-23
Qext	= 7.250041577e-28
Cabs	= 1.231071288e-23
Qabs	= 6.899388321e-28
Cenh	= 1.2936390311E-23
Crad	= 6.2567742865E-25

EELS and Cathodoluminescence

Peels	= 2.5875897078E-02
Pcl	= 1.2515055869E-03
