Cext	= 3.131983351e-25
Qext	= 1.776261297e-29
Cabs	= 2.849000968e-25
Qabs	= 1.615771729e-29
Cenh	= 3.1319833514E-25
Crad	= 2.8298238305E-26

EELS and Cathodoluminescence

Peels	= 5.3191029202E-04
Pcl	= 4.8059400423E-05
