Cext	= 1.431454174e-24
Qext	= 7.027283276e-29
Cabs	= 1.240406051e-24
Qabs	= 6.089391373e-29
Cenh	= 1.4314541739E-24
Crad	= 1.9104812309E-25

EELS and Cathodoluminescence

Peels	= 2.8632531941E-03
Pcl	= 3.8214227086E-04
