Cext	= 5.539070023e-25
Qext	= 3.232338744e-29
Cabs	= 4.805950465e-25
Qabs	= 2.804524916e-29
Cenh	= 5.5390700234E-25
Crad	= 7.3311955813E-26

EELS and Cathodoluminescence

Peels	= 1.1018261877E-03
Pcl	= 1.4583139850E-04
