Cext	= 7.603294622e-25
Qext	= 3.732603259e-29
Cabs	= 7.786091767e-26
Qabs	= 3.822341885e-30
Cenh	= 7.6032946216E-25
Crad	= 6.8246854450E-25

EELS and Cathodoluminescence

Peels	= 1.8250105109E-03
Pcl	= 1.6381217999E-03
