Cext	= 2.607847774e-25
Qext	= 1.521816363e-29
Cabs	= 2.249444984e-25
Qabs	= 1.312669481e-29
Cenh	= 2.6078477742E-25
Crad	= 3.5840279014E-26

EELS and Cathodoluminescence

Peels	= 4.0734849594E-04
Pcl	= 5.5982883259E-05
