Cext	= 1.126496266e-24
Qext	= 6.313310414e-29
Cabs	= 1.018794534e-24
Qabs	= 5.709709238e-29
Cenh	= 1.1264962663E-24
Crad	= 1.0770173270E-25

EELS and Cathodoluminescence

Peels	= 2.2532639125E-03
Pcl	= 2.1542941142E-04
