Cext	= 2.249146765e-25
Qext	= 1.260506769e-29
Cabs	= 2.000403332e-25
Qabs	= 1.121101558e-29
Cenh	= 2.2491467648E-25
Crad	= 2.4874343246E-26

EELS and Cathodoluminescence

Peels	= 4.4988353630E-04
Pcl	= 4.9754678876E-05
