Cext	= 6.549798879e-25
Qext	= 3.670754596e-29
Cabs	= 5.883168893e-25
Qabs	= 3.297149982e-29
Cenh	= 6.5497988794E-25
Crad	= 6.6662998640E-26

EELS and Cathodoluminescence

Peels	= 1.3101175646E-03
Pcl	= 1.3334205681E-04
