Cext	= 1.587767097e-23
Qext	= 8.898446316e-28
Cabs	= 1.513711569e-23
Qabs	= 8.483411171e-28
Cenh	= 1.5877670975E-23
Crad	= 7.4055528865E-25

EELS and Cathodoluminescence

Peels	= 3.1759166980E-02
Pcl	= 1.4812889817E-03
