Cext	= 1.570509817e-24
Qext	= 7.859179949e-29
Cabs	= 1.137613105e-24
Qabs	= 5.692868649e-29
Cenh	= 1.5705098173E-24
Crad	= 4.3289671257E-25

EELS and Cathodoluminescence

Peels	= 3.3557960620E-03
Pcl	= 9.2499458919E-04
