Cext	= 4.798165913e-25
Qext	= 2.721213828e-29
Cabs	= 1.746370632e-25
Qabs	= 9.904300933e-30
Cenh	= 4.7981659128E-25
Crad	= 3.0517952809E-25

EELS and Cathodoluminescence

Peels	= 1.1516985280E-03
Pcl	= 7.3251909100E-04
