Cext	= 1.212806657e-23
Qext	= 6.797026432e-28
Cabs	= 1.15057809e-23
Qabs	= 6.448274045e-28
Cenh	= 1.2128066570E-23
Crad	= 6.2228567247E-25

EELS and Cathodoluminescence

Peels	= 2.4259054867E-02
Pcl	= 1.2447212574E-03
