Cext	= 3.337867659e-25
Qext	= 1.847684989e-29
Cabs	= 3.05131904e-25
Qabs	= 1.689065284e-29
Cenh	= 3.3378676586E-25
Crad	= 2.8654861885E-26

EELS and Cathodoluminescence

Peels	= 5.0707894408E-04
Pcl	= 4.3531615371E-05
