Cext	= 2.348778841e-24
Qext	= 1.316344347e-28
Cabs	= 2.152560465e-24
Qabs	= 1.20637616e-28
Cenh	= 2.3487788409E-24
Crad	= 1.9621837622E-25

EELS and Cathodoluminescence

Peels	= 4.6981235173E-03
Pcl	= 3.9248402267E-04
