Cext	= 3.529883111e-25
Qext	= 1.920920617e-29
Cabs	= 3.199309186e-25
Qabs	= 1.741026199e-29
Cenh	= 3.5298831112E-25
Crad	= 3.3057392477E-26

EELS and Cathodoluminescence

Peels	= 5.6610734378E-04
Pcl	= 5.3016012309E-05
