Cext	= 8.449270402e-25
Qext	= 4.735290157e-29
Cabs	= 7.628422658e-25
Qabs	= 4.275256088e-29
Cenh	= 8.4492704016E-25
Crad	= 8.2084774338E-26

EELS and Cathodoluminescence

Peels	= 1.6900576285E-03
Pcl	= 1.6418932341E-04
