Cext	= 1.29001038e-23
Qext	= 7.229705247e-28
Cabs	= 1.224254133e-23
Qabs	= 6.86118241e-28
Cenh	= 1.2900103802E-23
Crad	= 6.5756247193E-25

EELS and Cathodoluminescence

Peels	= 2.5803315319E-02
Pcl	= 1.3152833547E-03
