Cext	= 2.613051457e-25
Qext	= 1.464452699e-29
Cabs	= 2.322771142e-25
Qabs	= 1.30176865e-29
Cenh	= 2.6130514567E-25
Crad	= 2.9028031471E-26

EELS and Cathodoluminescence

Peels	= 5.2267324137E-04
Pcl	= 5.8063055976E-05
