Cext	= 6.22837371e-24
Qext	= 3.490615795e-28
Cabs	= 5.770053458e-24
Qabs	= 3.233755821e-28
Cenh	= 6.2283737095E-24
Crad	= 4.5832025199E-25

EELS and Cathodoluminescence

Peels	= 1.2458247873E-02
Pcl	= 9.1675091619E-04
