Cext	= 2.026079561e-23
Qext	= 1.135491486e-27
Cabs	= 1.919851139e-23
Qabs	= 1.075957067e-27
Cenh	= 2.0260795614E-23
Crad	= 1.0622842250E-24

EELS and Cathodoluminescence

Peels	= 4.0526472180E-02
Pcl	= 2.1248243609E-03
