Cext	= 6.679571495e-24
Qext	= 3.74348407e-28
Cabs	= 6.183329883e-24
Qabs	= 3.465371534e-28
Cenh	= 6.6795714947E-24
Crad	= 4.9624161189E-25

EELS and Cathodoluminescence

Peels	= 1.3360752140E-02
Pcl	= 9.9260277147E-04
