Cext	= 3.337846258e-25
Qext	= 1.816416434e-29
Cabs	= 3.050287761e-25
Qabs	= 1.659930503e-29
Cenh	= 3.3378462583E-25
Crad	= 2.8755849697E-26

EELS and Cathodoluminescence

Peels	= 4.9455530553E-04
Pcl	= 4.2606390264E-05
