Cext	= 3.714704654e-25
Qext	= 1.823619811e-29
Cabs	= 3.358721626e-25
Qabs	= 1.64886091e-29
Cenh	= 3.7147046543E-25
Crad	= 3.5598302825E-26

EELS and Cathodoluminescence

Peels	= 6.1351135630E-04
Pcl	= 5.8793269130E-05
