Cext	= 1.293638993e-23
Qext	= 7.250041362e-28
Cabs	= 1.231071207e-23
Qabs	= 6.899387867e-28
Cenh	= 1.2936389928E-23
Crad	= 6.2567785654E-25

EELS and Cathodoluminescence

Peels	= 2.5875896313E-02
Pcl	= 1.2515064428E-03
