Cext	= 2.395592743e-25
Qext	= 1.358627488e-29
Cabs	= 2.276910845e-25
Qabs	= 1.291318681e-29
Cenh	= 2.3955927430E-25
Crad	= 1.1868189793E-26

EELS and Cathodoluminescence

Peels	= 4.3233948264E-04
Pcl	= 2.1418861990E-05
