Cext	= 1.045641571e-25
Qext	= 5.860170174e-30
Cabs	= 9.22635996e-26
Qabs	= 5.170800487e-30
Cenh	= 1.0456415712E-25
Crad	= 1.2300557512E-26

EELS and Cathodoluminescence

Peels	= 2.0915350439E-04
Pcl	= 2.4604078306E-05
