Cext	= 1.519920094e-25
Qext	= 8.518206093e-30
Cabs	= 1.346338806e-25
Qabs	= 7.545391013e-30
Cenh	= 1.5199200943E-25
Crad	= 1.7358128829E-26

EELS and Cathodoluminescence

Peels	= 3.0402063467E-04
Pcl	= 3.4720439339E-05
