Cext	= 2.51908898e-25
Qext	= 1.470020938e-29
Cabs	= 2.172556555e-25
Qabs	= 1.267801038e-29
Cenh	= 2.5190889802E-25
Crad	= 3.4653242570E-26

EELS and Cathodoluminescence

Peels	= 3.8269251833E-04
Pcl	= 5.2644177206E-05
