Cext	= 4.155986376e-25
Qext	= 2.329171685e-29
Cabs	= 3.711930726e-25
Qabs	= 2.080306132e-29
Cenh	= 4.1559863761E-25
Crad	= 4.4405564971E-26

EELS and Cathodoluminescence

Peels	= 8.3129739551E-04
Pcl	= 8.8821827518E-05
