Cext	= 3.399441231e-25
Qext	= 1.849935689e-29
Cabs	= 3.146186602e-25
Qabs	= 1.712117517e-29
Cenh	= 3.3994412305E-25
Crad	= 2.5325462833E-26

EELS and Cathodoluminescence

Peels	= 5.9414866669E-04
Pcl	= 4.4263421413E-05
