Cext	= 1.421153206e-24
Qext	= 8.059875017e-29
Cabs	= 8.447684511e-25
Qabs	= 4.790988124e-29
Cenh	= 1.4211532063E-24
Crad	= 5.7638475526E-25

EELS and Cathodoluminescence

Peels	= 3.2799793584E-03
Pcl	= 1.3302788829E-03
