Cext	= 1.51039455e-24
Qext	= 8.360826797e-29
Cabs	= 1.364752364e-24
Qabs	= 7.554620839e-29
Cenh	= 1.5103945496E-24
Crad	= 1.4564218522E-25

EELS and Cathodoluminescence

Peels	= 3.0044615099E-03
Pcl	= 2.8970995680E-04
