Cext	= 9.60144454e-24
Qext	= 5.381012047e-28
Cabs	= 9.031907113e-24
Qabs	= 5.061821769e-28
Cenh	= 9.6014445400E-24
Crad	= 5.6953742696E-25

EELS and Cathodoluminescence

Peels	= 1.9205202128E-02
Pcl	= 1.1392120590E-03
