Cext	= 1.463950577e-24
Qext	= 8.204531788e-29
Cabs	= 9.915544904e-25
Qabs	= 5.557045751e-29
Cenh	= 1.4639505775E-24
Crad	= 4.7239608708E-25

EELS and Cathodoluminescence

Peels	= 3.2436042422E-03
Pcl	= 1.0466650826E-03
