Cext	= 1.185904101e-23
Qext	= 6.646254353e-28
Cabs	= 1.126994144e-23
Qabs	= 6.316100706e-28
Cenh	= 1.1859041014E-23
Crad	= 5.8909957848E-25

EELS and Cathodoluminescence

Peels	= 2.3720938945E-02
Pcl	= 1.1783410747E-03
